$ java -Xms3303m -Xmx3303m -jar teiid-sizing-jar.jar deserialization 1 1024 0.75 true true
Prepare deserialization data
100% finished
Insert 4096 rows, size 1MB, spend 1003 milliseconds
Collect deserialization (size, time) tuples
100% finished
Collect 1024 tuples, spend 49812 milliseconds, garbage collection spend 38772, garbage collection count 2048
Calculating linear regression weight
+--------+------+--------------+
|  SIZE  | TIME |    WEIGHT    |
+--------+------+--------------+
| 1024   |    1 | 0.0009765625 |
| 2048   |    0 | 0.0000000000 |
| 3072   |    1 | 0.0003255208 |
| 4096   |    1 | 0.0002441406 |
| 5120   |    1 | 0.0001953125 |
| 6144   |    1 | 0.0001627604 |
| 7168   |    0 | 0.0000000000 |
| 8192   |    1 | 0.0001220703 |
| 9216   |    1 | 0.0001085069 |
| 10240  |    1 | 0.0000976562 |
| 11264  |    0 | 0.0000000000 |
| 12288  |    0 | 0.0000000000 |
| 13312  |    1 | 0.0000751201 |
| 14336  |    1 | 0.0000697544 |
| 15360  |    0 | 0.0000000000 |
| 16384  |    1 | 0.0000610351 |
| 17408  |    2 | 0.0001148897 |
| 18432  |    1 | 0.0000542534 |
| 19456  |    1 | 0.0000513980 |
| 20480  |    1 | 0.0000488281 |
| 21504  |    1 | 0.0000465029 |
| 22528  |    1 | 0.0000443892 |
| 23552  |    1 | 0.0000424592 |
| 24576  |    1 | 0.0000406901 |
| 25600  |    1 | 0.0000390625 |
| 26624  |    0 | 0.0000000000 |
| 27648  |    1 | 0.0000361689 |
| 28672  |    1 | 0.0000348772 |
| 29696  |    1 | 0.0000336745 |
| 30720  |    1 | 0.0000325520 |
| 31744  |    1 | 0.0000315020 |
| 32768  |    2 | 0.0000610351 |
| 33792  |    1 | 0.0000295928 |
| 34816  |    1 | 0.0000287224 |
| 35840  |    2 | 0.0000558035 |
| 36864  |    1 | 0.0000271267 |
| 37888  |    1 | 0.0000263935 |
| 38912  |    1 | 0.0000256990 |
| 39936  |    1 | 0.0000250400 |
| 40960  |    2 | 0.0000488281 |
| 41984  |    1 | 0.0000238185 |
| 43008  |    1 | 0.0000232514 |
| 44032  |    2 | 0.0000454215 |
| 45056  |    1 | 0.0000221946 |
| 46080  |    2 | 0.0000434027 |
| 47104  |    2 | 0.0000424592 |
| 48128  |    3 | 0.0000623337 |
| 49152  |    1 | 0.0000203450 |
| 50176  |    1 | 0.0000199298 |
| 51200  |    1 | 0.0000195312 |
| 52224  |    1 | 0.0000191482 |
| 53248  |    2 | 0.0000375600 |
| 54272  |    2 | 0.0000368514 |
| 55296  |    1 | 0.0000180844 |
| 56320  |    2 | 0.0000355113 |
| 57344  |    1 | 0.0000174386 |
| 58368  |    2 | 0.0000342653 |
| 59392  |    1 | 0.0000168372 |
| 60416  |    1 | 0.0000165519 |
| 61440  |    1 | 0.0000162760 |
| 62464  |    1 | 0.0000160092 |
| 63488  |    1 | 0.0000157510 |
| 64512  |    1 | 0.0000155009 |
| 65536  |    1 | 0.0000152587 |
| 66560  |    1 | 0.0000150240 |
| 67584  |    1 | 0.0000147964 |
| 68608  |    1 | 0.0000145755 |
| 69632  |    1 | 0.0000143612 |
| 70656  |    1 | 0.0000141530 |
| 71680  |    2 | 0.0000279017 |
| 72704  |    1 | 0.0000137544 |
| 73728  |    2 | 0.0000271267 |
| 74752  |    0 | 0.0000000000 |
| 75776  |    1 | 0.0000131967 |
| 76800  |    1 | 0.0000130208 |
| 77824  |    2 | 0.0000256990 |
| 78848  |    1 | 0.0000126826 |
| 79872  |    1 | 0.0000125200 |
| 80896  |    1 | 0.0000123615 |
| 81920  |    2 | 0.0000244140 |
| 82944  |    1 | 0.0000120563 |
| 83968  |    1 | 0.0000119092 |
| 84992  |    1 | 0.0000117658 |
| 86016  |    1 | 0.0000116257 |
| 87040  |    1 | 0.0000114889 |
| 88064  |    1 | 0.0000113553 |
| 89088  |    1 | 0.0000112248 |
| 90112  |    1 | 0.0000110973 |
| 91136  |    1 | 0.0000109726 |
| 92160  |    1 | 0.0000108506 |
| 93184  |    2 | 0.0000214629 |
| 94208  |    1 | 0.0000106148 |
| 95232  |    1 | 0.0000105006 |
| 96256  |    1 | 0.0000103889 |
| 97280  |    2 | 0.0000205592 |
| 98304  |    1 | 0.0000101725 |
| 99328  |    2 | 0.0000201353 |
| 100352 |    1 | 0.0000099649 |
| 101376 |    1 | 0.0000098642 |
| 102400 |    1 | 0.0000097656 |
| 103424 |    1 | 0.0000096689 |
| 104448 |    2 | 0.0000191482 |
| 105472 |    2 | 0.0000189623 |
| 106496 |    1 | 0.0000093900 |
| 107520 |    1 | 0.0000093005 |
| 108544 |    2 | 0.0000184257 |
| 109568 |    2 | 0.0000182535 |
| 110592 |    2 | 0.0000180844 |
| 111616 |    3 | 0.0000268778 |
| 112640 |    2 | 0.0000177556 |
| 113664 |    1 | 0.0000087978 |
| 114688 |    1 | 0.0000087193 |
| 115712 |    2 | 0.0000172842 |
| 116736 |    2 | 0.0000171326 |
| 117760 |    2 | 0.0000169836 |
| 118784 |    2 | 0.0000168372 |
| 119808 |    1 | 0.0000083466 |
| 120832 |    3 | 0.0000248278 |
| 121856 |    1 | 0.0000082064 |
| 122880 |    2 | 0.0000162760 |
| 123904 |    1 | 0.0000080707 |
| 124928 |    1 | 0.0000080046 |
| 125952 |    1 | 0.0000079395 |
| 126976 |    1 | 0.0000078755 |
| 128000 |    2 | 0.0000156250 |
| 129024 |    1 | 0.0000077504 |
| 130048 |    1 | 0.0000076894 |
| 131072 |    2 | 0.0000152587 |
| 132096 |    2 | 0.0000151405 |
| 133120 |    2 | 0.0000150240 |
| 134144 |    2 | 0.0000149093 |
| 135168 |    1 | 0.0000073982 |
| 136192 |    1 | 0.0000073425 |
| 137216 |    1 | 0.0000072877 |
| 138240 |    1 | 0.0000072337 |
| 139264 |    2 | 0.0000143612 |
| 140288 |    1 | 0.0000071281 |
| 141312 |    2 | 0.0000141530 |
| 142336 |    1 | 0.0000070256 |
| 143360 |    2 | 0.0000139508 |
| 144384 |    3 | 0.0000207779 |
| 145408 |    1 | 0.0000068772 |
| 146432 |    1 | 0.0000068291 |
| 147456 |    1 | 0.0000067816 |
| 148480 |    2 | 0.0000134698 |
| 149504 |    1 | 0.0000066887 |
| 150528 |    2 | 0.0000132865 |
| 151552 |    2 | 0.0000131967 |
| 152576 |    1 | 0.0000065541 |
| 153600 |    1 | 0.0000065104 |
| 154624 |    1 | 0.0000064673 |
| 155648 |    2 | 0.0000128495 |
| 156672 |    2 | 0.0000127655 |
| 157696 |    1 | 0.0000063413 |
| 158720 |    1 | 0.0000063004 |
| 159744 |    1 | 0.0000062600 |
| 160768 |    1 | 0.0000062201 |
| 161792 |    1 | 0.0000061807 |
| 162816 |    1 | 0.0000061419 |
| 163840 |    2 | 0.0000122070 |
| 164864 |    1 | 0.0000060656 |
| 165888 |    2 | 0.0000120563 |
| 166912 |    2 | 0.0000119823 |
| 167936 |    1 | 0.0000059546 |
| 168960 |    2 | 0.0000118371 |
| 169984 |    1 | 0.0000058829 |
| 171008 |    2 | 0.0000116953 |
| 172032 |    2 | 0.0000116257 |
| 173056 |    1 | 0.0000057784 |
| 174080 |    1 | 0.0000057444 |
| 175104 |    2 | 0.0000114217 |
| 176128 |    2 | 0.0000113553 |
| 177152 |    2 | 0.0000112897 |
| 178176 |    1 | 0.0000056124 |
| 179200 |    1 | 0.0000055803 |
| 180224 |    1 | 0.0000055486 |
| 181248 |    2 | 0.0000110346 |
| 182272 |    2 | 0.0000109726 |
| 183296 |    2 | 0.0000109113 |
| 184320 |    1 | 0.0000054253 |
| 185344 |    2 | 0.0000107907 |
| 186368 |    2 | 0.0000107314 |
| 187392 |    1 | 0.0000053364 |
| 188416 |    2 | 0.0000106148 |
| 189440 |    3 | 0.0000158361 |
| 190464 |    3 | 0.0000157510 |
| 191488 |    2 | 0.0000104445 |
| 192512 |    1 | 0.0000051944 |
| 193536 |    1 | 0.0000051669 |
| 194560 |    3 | 0.0000154194 |
| 195584 |    2 | 0.0000102257 |
| 196608 |    1 | 0.0000050862 |
| 197632 |    2 | 0.0000101198 |
| 198656 |    2 | 0.0000100676 |
| 199680 |    1 | 0.0000050080 |
| 200704 |    2 | 0.0000099649 |
| 201728 |    1 | 0.0000049571 |
| 202752 |    3 | 0.0000147964 |
| 203776 |    1 | 0.0000049073 |
| 204800 |    2 | 0.0000097656 |
| 205824 |    1 | 0.0000048585 |
| 206848 |    1 | 0.0000048344 |
| 207872 |    2 | 0.0000096213 |
| 208896 |    2 | 0.0000095741 |
| 209920 |    2 | 0.0000095274 |
| 210944 |    1 | 0.0000047405 |
| 211968 |    1 | 0.0000047176 |
| 212992 |    2 | 0.0000093900 |
| 214016 |    3 | 0.0000140176 |
| 215040 |    3 | 0.0000139508 |
| 216064 |    3 | 0.0000138847 |
| 217088 |    2 | 0.0000092128 |
| 218112 |    2 | 0.0000091696 |
| 219136 |    3 | 0.0000136901 |
| 220160 |    2 | 0.0000090843 |
| 221184 |    3 | 0.0000135633 |
| 222208 |    2 | 0.0000090005 |
| 223232 |    2 | 0.0000089592 |
| 224256 |    2 | 0.0000089183 |
| 225280 |    2 | 0.0000088778 |
| 226304 |    3 | 0.0000132565 |
| 227328 |    2 | 0.0000087978 |
| 228352 |    2 | 0.0000087584 |
| 229376 |    2 | 0.0000087193 |
| 230400 |    2 | 0.0000086805 |
| 231424 |    3 | 0.0000129632 |
| 232448 |    2 | 0.0000086040 |
| 233472 |    2 | 0.0000085663 |
| 234496 |    2 | 0.0000085289 |
| 235520 |    2 | 0.0000084918 |
| 236544 |    3 | 0.0000126826 |
| 237568 |    3 | 0.0000126279 |
| 238592 |    2 | 0.0000083825 |
| 239616 |    3 | 0.0000125200 |
| 240640 |    2 | 0.0000083111 |
| 241664 |    1 | 0.0000041379 |
| 242688 |    2 | 0.0000082410 |
| 243712 |    2 | 0.0000082064 |
| 244736 |    2 | 0.0000081720 |
| 245760 |    1 | 0.0000040690 |
| 246784 |    2 | 0.0000081042 |
| 247808 |    1 | 0.0000040353 |
| 248832 |    2 | 0.0000080375 |
| 249856 |    2 | 0.0000080046 |
| 250880 |    3 | 0.0000119579 |
| 251904 |    4 | 0.0000158790 |
| 252928 |    2 | 0.0000079073 |
| 253952 |    2 | 0.0000078755 |
| 254976 |    3 | 0.0000117658 |
| 256000 |    2 | 0.0000078125 |
| 257024 |    2 | 0.0000077813 |
| 258048 |    2 | 0.0000077504 |
| 259072 |    2 | 0.0000077198 |
| 260096 |    2 | 0.0000076894 |
| 261120 |    6 | 0.0000229779 |
| 262144 |    4 | 0.0000152587 |
| 263168 |    2 | 0.0000075997 |
| 264192 |    2 | 0.0000075702 |
| 265216 |    2 | 0.0000075410 |
| 266240 |    2 | 0.0000075120 |
| 267264 |    2 | 0.0000074832 |
| 268288 |    2 | 0.0000074546 |
| 269312 |    2 | 0.0000074263 |
| 270336 |    2 | 0.0000073982 |
| 271360 |    3 | 0.0000110554 |
| 272384 |    3 | 0.0000110138 |
| 273408 |    2 | 0.0000073150 |
| 274432 |    3 | 0.0000109316 |
| 275456 |    4 | 0.0000145213 |
| 276480 |    3 | 0.0000108506 |
| 277504 |    4 | 0.0000144142 |
| 278528 |    2 | 0.0000071806 |
| 279552 |    2 | 0.0000071543 |
| 280576 |    2 | 0.0000071281 |
| 281600 |    2 | 0.0000071022 |
| 282624 |    2 | 0.0000070765 |
| 283648 |    2 | 0.0000070509 |
| 284672 |    2 | 0.0000070256 |
| 285696 |    3 | 0.0000105006 |
| 286720 |    4 | 0.0000139508 |
| 287744 |    3 | 0.0000104259 |
| 288768 |    2 | 0.0000069259 |
| 289792 |    2 | 0.0000069015 |
| 290816 |    3 | 0.0000103158 |
| 291840 |    2 | 0.0000068530 |
| 292864 |    2 | 0.0000068291 |
| 293888 |    3 | 0.0000102079 |
| 294912 |    2 | 0.0000067816 |
| 295936 |    2 | 0.0000067582 |
| 296960 |    2 | 0.0000067349 |
| 297984 |    2 | 0.0000067117 |
| 299008 |    2 | 0.0000066887 |
| 300032 |    3 | 0.0000099989 |
| 301056 |    3 | 0.0000099649 |
| 302080 |    2 | 0.0000066207 |
| 303104 |    3 | 0.0000098975 |
| 304128 |    2 | 0.0000065761 |
| 305152 |    3 | 0.0000098311 |
| 306176 |    3 | 0.0000097982 |
| 307200 |    2 | 0.0000065104 |
| 308224 |    3 | 0.0000097331 |
| 309248 |    3 | 0.0000097009 |
| 310272 |    3 | 0.0000096689 |
| 311296 |    3 | 0.0000096371 |
| 312320 |    2 | 0.0000064036 |
| 313344 |    2 | 0.0000063827 |
| 314368 |    3 | 0.0000095429 |
| 315392 |    3 | 0.0000095119 |
| 316416 |    2 | 0.0000063207 |
| 317440 |    2 | 0.0000063004 |
| 318464 |    2 | 0.0000062801 |
| 319488 |    2 | 0.0000062600 |
| 320512 |    3 | 0.0000093600 |
| 321536 |    2 | 0.0000062201 |
| 322560 |    3 | 0.0000093005 |
| 323584 |    2 | 0.0000061807 |
| 324608 |    3 | 0.0000092419 |
| 325632 |    2 | 0.0000061419 |
| 326656 |    4 | 0.0000122452 |
| 327680 |    2 | 0.0000061035 |
| 328704 |    3 | 0.0000091267 |
| 329728 |    5 | 0.0000151640 |
| 330752 |    4 | 0.0000120936 |
| 331776 |    2 | 0.0000060281 |
| 332800 |    2 | 0.0000060096 |
| 333824 |    3 | 0.0000089867 |
| 334848 |    3 | 0.0000089592 |
| 335872 |    3 | 0.0000089319 |
| 336896 |    2 | 0.0000059365 |
| 337920 |    3 | 0.0000088778 |
| 338944 |    3 | 0.0000088510 |
| 339968 |    3 | 0.0000088243 |
| 340992 |    3 | 0.0000087978 |
| 342016 |    3 | 0.0000087715 |
| 343040 |    3 | 0.0000087453 |
| 344064 |    3 | 0.0000087193 |
| 345088 |    2 | 0.0000057956 |
| 346112 |    2 | 0.0000057784 |
| 347136 |    3 | 0.0000086421 |
| 348160 |    5 | 0.0000143612 |
| 349184 |    3 | 0.0000085914 |
| 350208 |    3 | 0.0000085663 |
| 351232 |    3 | 0.0000085413 |
| 352256 |    3 | 0.0000085165 |
| 353280 |    3 | 0.0000084918 |
| 354304 |    5 | 0.0000141121 |
| 355328 |    2 | 0.0000056286 |
| 356352 |    3 | 0.0000084186 |
| 357376 |    3 | 0.0000083945 |
| 358400 |    2 | 0.0000055803 |
| 359424 |    2 | 0.0000055644 |
| 360448 |    3 | 0.0000083229 |
| 361472 |    3 | 0.0000082993 |
| 362496 |    3 | 0.0000082759 |
| 363520 |    2 | 0.0000055017 |
| 364544 |    3 | 0.0000082294 |
| 365568 |    3 | 0.0000082064 |
| 366592 |    2 | 0.0000054556 |
| 367616 |    3 | 0.0000081606 |
| 368640 |    5 | 0.0000135633 |
| 369664 |    3 | 0.0000081154 |
| 370688 |    4 | 0.0000107907 |
| 371712 |    3 | 0.0000080707 |
| 372736 |    3 | 0.0000080485 |
| 373760 |    4 | 0.0000107020 |
| 374784 |    2 | 0.0000053364 |
| 375808 |    3 | 0.0000079827 |
| 376832 |    3 | 0.0000079611 |
| 377856 |    3 | 0.0000079395 |
| 378880 |    3 | 0.0000079180 |
| 379904 |    3 | 0.0000078967 |
| 380928 |    3 | 0.0000078755 |
| 381952 |    4 | 0.0000104725 |
| 382976 |    3 | 0.0000078333 |
| 384000 |    3 | 0.0000078125 |
| 385024 |    3 | 0.0000077917 |
| 386048 |    3 | 0.0000077710 |
| 387072 |    3 | 0.0000077504 |
| 388096 |    3 | 0.0000077300 |
| 389120 |    3 | 0.0000077097 |
| 390144 |    3 | 0.0000076894 |
| 391168 |    5 | 0.0000127822 |
| 392192 |    3 | 0.0000076493 |
| 393216 |    3 | 0.0000076293 |
| 394240 |    3 | 0.0000076095 |
| 395264 |    3 | 0.0000075898 |
| 396288 |    3 | 0.0000075702 |
| 397312 |    2 | 0.0000050338 |
| 398336 |    3 | 0.0000075313 |
| 399360 |    3 | 0.0000075120 |
| 400384 |    4 | 0.0000099904 |
| 401408 |    4 | 0.0000099649 |
| 402432 |    4 | 0.0000099395 |
| 403456 |    3 | 0.0000074357 |
| 404480 |    4 | 0.0000098892 |
| 405504 |    3 | 0.0000073982 |
| 406528 |    3 | 0.0000073795 |
| 407552 |    3 | 0.0000073610 |
| 408576 |    3 | 0.0000073425 |
| 409600 |    3 | 0.0000073242 |
| 410624 |    4 | 0.0000097412 |
| 411648 |    3 | 0.0000072877 |
| 412672 |    3 | 0.0000072696 |
| 413696 |    4 | 0.0000096689 |
| 414720 |    3 | 0.0000072337 |
| 415744 |    3 | 0.0000072159 |
| 416768 |    3 | 0.0000071982 |
| 417792 |    3 | 0.0000071806 |
| 418816 |    3 | 0.0000071630 |
| 419840 |    3 | 0.0000071455 |
| 420864 |    3 | 0.0000071281 |
| 421888 |    3 | 0.0000071108 |
| 422912 |    3 | 0.0000070936 |
| 423936 |    3 | 0.0000070765 |
| 424960 |    3 | 0.0000070594 |
| 425984 |    3 | 0.0000070425 |
| 427008 |    3 | 0.0000070256 |
| 428032 |    4 | 0.0000093450 |
| 429056 |    3 | 0.0000069920 |
| 430080 |    3 | 0.0000069754 |
| 431104 |    6 | 0.0000139177 |
| 432128 |    6 | 0.0000138847 |
| 433152 |    3 | 0.0000069259 |
| 434176 |    4 | 0.0000092128 |
| 435200 |    3 | 0.0000068933 |
| 436224 |    3 | 0.0000068772 |
| 437248 |    3 | 0.0000068610 |
| 438272 |    3 | 0.0000068450 |
| 439296 |    3 | 0.0000068291 |
| 440320 |    3 | 0.0000068132 |
| 441344 |    6 | 0.0000135948 |
| 442368 |    5 | 0.0000113028 |
| 443392 |    3 | 0.0000067660 |
| 444416 |    3 | 0.0000067504 |
| 445440 |    3 | 0.0000067349 |
| 446464 |    3 | 0.0000067194 |
| 447488 |    3 | 0.0000067040 |
| 448512 |    3 | 0.0000066887 |
| 449536 |    3 | 0.0000066735 |
| 450560 |    3 | 0.0000066583 |
| 451584 |    3 | 0.0000066432 |
| 452608 |    4 | 0.0000088376 |
| 453632 |    3 | 0.0000066132 |
| 454656 |    4 | 0.0000087978 |
| 455680 |    3 | 0.0000065835 |
| 456704 |    4 | 0.0000087584 |
| 457728 |    4 | 0.0000087388 |
| 458752 |    3 | 0.0000065394 |
| 459776 |    4 | 0.0000086998 |
| 460800 |    4 | 0.0000086805 |
| 461824 |    3 | 0.0000064959 |
| 462848 |    4 | 0.0000086421 |
| 463872 |    3 | 0.0000064673 |
| 464896 |    3 | 0.0000064530 |
| 465920 |    4 | 0.0000085851 |
| 466944 |    3 | 0.0000064247 |
| 467968 |    3 | 0.0000064106 |
| 468992 |    3 | 0.0000063966 |
| 470016 |    6 | 0.0000127655 |
| 471040 |    4 | 0.0000084918 |
| 472064 |    3 | 0.0000063550 |
| 473088 |    3 | 0.0000063413 |
| 474112 |    3 | 0.0000063276 |
| 475136 |    3 | 0.0000063139 |
| 476160 |    3 | 0.0000063004 |
| 477184 |    3 | 0.0000062868 |
| 478208 |    3 | 0.0000062734 |
| 479232 |    4 | 0.0000083466 |
| 480256 |    5 | 0.0000104111 |
| 481280 |    3 | 0.0000062333 |
| 482304 |    4 | 0.0000082935 |
| 483328 |    4 | 0.0000082759 |
| 484352 |    3 | 0.0000061938 |
| 485376 |    3 | 0.0000061807 |
| 486400 |    3 | 0.0000061677 |
| 487424 |    4 | 0.0000082064 |
| 488448 |    3 | 0.0000061419 |
| 489472 |    4 | 0.0000081720 |
| 490496 |    3 | 0.0000061162 |
| 491520 |    5 | 0.0000101725 |
| 492544 |    4 | 0.0000081211 |
| 493568 |    3 | 0.0000060781 |
| 494592 |    3 | 0.0000060656 |
| 495616 |    4 | 0.0000080707 |
| 496640 |    3 | 0.0000060405 |
| 497664 |    3 | 0.0000060281 |
| 498688 |    4 | 0.0000080210 |
| 499712 |    4 | 0.0000080046 |
| 500736 |    4 | 0.0000079882 |
| 501760 |    4 | 0.0000079719 |
| 502784 |    6 | 0.0000119335 |
| 503808 |    3 | 0.0000059546 |
| 504832 |    4 | 0.0000079234 |
| 505856 |    3 | 0.0000059305 |
| 506880 |    4 | 0.0000078914 |
| 507904 |    3 | 0.0000059066 |
| 508928 |    4 | 0.0000078596 |
| 509952 |    3 | 0.0000058829 |
| 510976 |    4 | 0.0000078281 |
| 512000 |    4 | 0.0000078125 |
| 513024  |    3 | 0.0000058476 |
| 514048  |    7 | 0.0000136174 |
| 515072  |    4 | 0.0000077659 |
| 516096  |    4 | 0.0000077504 |
| 517120  |    3 | 0.0000058013 |
| 518144  |    3 | 0.0000057898 |
| 519168  |    4 | 0.0000077046 |
| 520192  |    3 | 0.0000057671 |
| 521216  |    4 | 0.0000076743 |
| 522240  |    4 | 0.0000076593 |
| 523264  |    8 | 0.0000152886 |
| 524288  |    5 | 0.0000095367 |
| 525312  |    4 | 0.0000076145 |
| 526336  |    4 | 0.0000075997 |
| 527360  |    4 | 0.0000075849 |
| 528384  |    5 | 0.0000094628 |
| 529408  |    3 | 0.0000056667 |
| 530432  |    4 | 0.0000075410 |
| 531456  |    3 | 0.0000056448 |
| 532480  |    4 | 0.0000075120 |
| 533504  |    3 | 0.0000056232 |
| 534528  |    4 | 0.0000074832 |
| 535552  |    4 | 0.0000074689 |
| 536576  |    3 | 0.0000055910 |
| 537600  |    3 | 0.0000055803 |
| 538624  |    4 | 0.0000074263 |
| 539648  |    4 | 0.0000074122 |
| 540672  |    3 | 0.0000055486 |
| 541696  |    4 | 0.0000073842 |
| 542720  |    4 | 0.0000073702 |
| 543744  |    5 | 0.0000091955 |
| 544768  |    4 | 0.0000073425 |
| 545792  |    3 | 0.0000054965 |
| 546816  |    4 | 0.0000073150 |
| 547840  |    5 | 0.0000091267 |
| 548864  |    5 | 0.0000091097 |
| 549888  |    4 | 0.0000072742 |
| 550912  |    6 | 0.0000108910 |
| 551936  |    5 | 0.0000090590 |
| 552960  |    3 | 0.0000054253 |
| 553984  |    4 | 0.0000072204 |
| 555008  |    5 | 0.0000090088 |
| 556032  |    3 | 0.0000053953 |
| 557056  |    3 | 0.0000053854 |
| 558080  |    4 | 0.0000071674 |
| 559104  |    4 | 0.0000071543 |
| 560128  |    4 | 0.0000071412 |
| 561152  |    4 | 0.0000071281 |
| 562176  |    6 | 0.0000106728 |
| 563200  |    4 | 0.0000071022 |
| 564224  |    4 | 0.0000070893 |
| 565248  |    3 | 0.0000053074 |
| 566272  |    4 | 0.0000070637 |
| 567296  |    4 | 0.0000070509 |
| 568320  |    8 | 0.0000140765 |
| 569344  |    8 | 0.0000140512 |
| 570368  |    5 | 0.0000087662 |
| 571392  |    4 | 0.0000070004 |
| 572416  |    5 | 0.0000087349 |
| 573440  |    4 | 0.0000069754 |
| 574464  |    4 | 0.0000069630 |
| 575488  |    4 | 0.0000069506 |
| 576512  |    4 | 0.0000069382 |
| 577536  |    4 | 0.0000069259 |
| 578560  |    4 | 0.0000069137 |
| 579584  |    6 | 0.0000103522 |
| 580608  |    3 | 0.0000051669 |
| 581632  |    4 | 0.0000068772 |
| 582656  |    4 | 0.0000068651 |
| 583680  |    7 | 0.0000119928 |
| 584704  |    4 | 0.0000068410 |
| 585728  |    4 | 0.0000068291 |
| 586752  |    5 | 0.0000085214 |
| 587776  |    4 | 0.0000068053 |
| 588800  |    6 | 0.0000101902 |
| 589824  |    8 | 0.0000135633 |
| 590848  |    6 | 0.0000101548 |
| 591872  |    4 | 0.0000067582 |
| 592896  |    4 | 0.0000067465 |
| 593920  |    4 | 0.0000067349 |
| 594944  |    4 | 0.0000067233 |
| 595968  |    4 | 0.0000067117 |
| 596992  |    4 | 0.0000067002 |
| 598016  |    4 | 0.0000066887 |
| 599040  |    6 | 0.0000100160 |
| 600064  |    4 | 0.0000066659 |
| 601088  |    3 | 0.0000049909 |
| 602112  |    5 | 0.0000083041 |
| 603136  |    4 | 0.0000066320 |
| 604160  |    4 | 0.0000066207 |
| 605184  |    5 | 0.0000082619 |
| 606208  |    4 | 0.0000065983 |
| 607232  |    4 | 0.0000065872 |
| 608256  |    4 | 0.0000065761 |
| 609280  |    4 | 0.0000065651 |
| 610304  |    4 | 0.0000065541 |
| 611328  |    4 | 0.0000065431 |
| 612352  |    5 | 0.0000081652 |
| 613376  |    5 | 0.0000081516 |
| 614400  |    4 | 0.0000065104 |
| 615424  |    4 | 0.0000064995 |
| 616448  |    5 | 0.0000081109 |
| 617472  |    4 | 0.0000064780 |
| 618496  |    5 | 0.0000080841 |
| 619520  |    4 | 0.0000064566 |
| 620544  |    4 | 0.0000064459 |
| 621568  |    4 | 0.0000064353 |
| 622592  |    4 | 0.0000064247 |
| 623616  |    4 | 0.0000064142 |
| 624640  |    4 | 0.0000064036 |
| 625664  |    4 | 0.0000063932 |
| 626688  |    4 | 0.0000063827 |
| 627712  |    4 | 0.0000063723 |
| 628736  |    7 | 0.0000111334 |
| 629760  |    5 | 0.0000079395 |
| 630784  |    4 | 0.0000063413 |
| 631808  |    4 | 0.0000063310 |
| 632832  |    4 | 0.0000063207 |
| 633856  |    5 | 0.0000078882 |
| 634880  |    5 | 0.0000078755 |
| 635904  |    5 | 0.0000078628 |
| 636928  |    4 | 0.0000062801 |
| 637952  |    5 | 0.0000078375 |
| 638976  |    4 | 0.0000062600 |
| 640000  |    4 | 0.0000062500 |
| 641024  |    5 | 0.0000078000 |
| 642048  |    5 | 0.0000077875 |
| 643072  |    4 | 0.0000062201 |
| 644096  |    4 | 0.0000062102 |
| 645120  |    5 | 0.0000077504 |
| 646144  |    4 | 0.0000061905 |
| 647168  |    5 | 0.0000077259 |
| 648192  |    4 | 0.0000061710 |
| 649216  |    5 | 0.0000077015 |
| 650240  |    4 | 0.0000061515 |
| 651264  |    5 | 0.0000076773 |
| 652288  |    4 | 0.0000061322 |
| 653312  |    6 | 0.0000091839 |
| 654336  |    7 | 0.0000106978 |
| 655360  |    9 | 0.0000137329 |
| 656384  |    5 | 0.0000076174 |
| 657408  |    5 | 0.0000076056 |
| 658432  |    4 | 0.0000060750 |
| 659456  |    4 | 0.0000060656 |
| 660480  |    4 | 0.0000060562 |
| 661504  |    4 | 0.0000060468 |
| 662528  |    4 | 0.0000060374 |
| 663552  |    4 | 0.0000060281 |
| 664576  |    4 | 0.0000060188 |
| 665600  |    4 | 0.0000060096 |
| 666624  |    4 | 0.0000060003 |
| 667648  |    4 | 0.0000059911 |
| 668672  |    4 | 0.0000059820 |
| 669696  |    4 | 0.0000059728 |
| 670720  |    5 | 0.0000074546 |
| 671744  |    4 | 0.0000059546 |
| 672768  |    4 | 0.0000059455 |
| 673792  |    4 | 0.0000059365 |
| 674816  |    5 | 0.0000074094 |
| 675840  |    5 | 0.0000073982 |
| 676864  |    5 | 0.0000073870 |
| 677888  |    5 | 0.0000073758 |
| 678912  |    4 | 0.0000058917 |
| 679936  |    4 | 0.0000058829 |
| 680960  |    5 | 0.0000073425 |
| 681984  |    5 | 0.0000073315 |
| 683008  |    4 | 0.0000058564 |
| 684032  |    4 | 0.0000058476 |
| 685056  |    5 | 0.0000072986 |
| 686080  |    4 | 0.0000058302 |
| 687104  |    7 | 0.0000101876 |
| 688128  |    5 | 0.0000072660 |
| 689152  |    5 | 0.0000072552 |
| 690176  |    4 | 0.0000057956 |
| 691200  |    7 | 0.0000101273 |
| 692224  |    6 | 0.0000086677 |
| 693248  |    5 | 0.0000072124 |
| 694272  |    6 | 0.0000086421 |
| 695296  |    5 | 0.0000071911 |
| 696320  |    4 | 0.0000057444 |
| 697344  |    5 | 0.0000071700 |
| 698368  |    5 | 0.0000071595 |
| 699392  |    5 | 0.0000071490 |
| 700416  |    4 | 0.0000057108 |
| 701440  |    5 | 0.0000071281 |
| 702464  |    5 | 0.0000071178 |
| 703488  |    4 | 0.0000056859 |
| 704512  |    6 | 0.0000085165 |
| 705536  |    6 | 0.0000085041 |
| 706560  |    5 | 0.0000070765 |
| 707584  |    5 | 0.0000070662 |
| 708608  |    5 | 0.0000070560 |
| 709632  |    5 | 0.0000070459 |
| 710656  |    4 | 0.0000056286 |
| 711680  |    5 | 0.0000070256 |
| 712704  |    5 | 0.0000070155 |
| 713728  |    5 | 0.0000070054 |
| 714752  |    5 | 0.0000069954 |
| 715776  |    5 | 0.0000069854 |
| 716800  |    5 | 0.0000069754 |
| 717824  |    6 | 0.0000083585 |
| 718848  |    6 | 0.0000083466 |
| 719872  |    6 | 0.0000083348 |
| 720896  |    6 | 0.0000083229 |
| 721920  |    5 | 0.0000069259 |
| 722944  |    6 | 0.0000082993 |
| 723968  |    6 | 0.0000082876 |
| 724992  |    5 | 0.0000068966 |
| 726016  |    7 | 0.0000096416 |
| 727040  |    7 | 0.0000096280 |
| 728064  |    7 | 0.0000096145 |
| 729088  |    7 | 0.0000096010 |
| 730112  |    5 | 0.0000068482 |
| 731136  |    7 | 0.0000095741 |
| 732160  |    6 | 0.0000081949 |
| 733184  |    7 | 0.0000095473 |
| 734208  |    6 | 0.0000081720 |
| 735232  |    5 | 0.0000068005 |
| 736256  |    4 | 0.0000054328 |
| 737280  |    4 | 0.0000054253 |
| 738304  |    5 | 0.0000067722 |
| 739328  |    5 | 0.0000067628 |
| 740352  |    5 | 0.0000067535 |
| 741376  |    5 | 0.0000067442 |
| 742400  |    9 | 0.0000121228 |
| 743424  |    5 | 0.0000067256 |
| 744448  |    5 | 0.0000067163 |
| 745472  |    5 | 0.0000067071 |
| 746496  |    5 | 0.0000066979 |
| 747520  |    4 | 0.0000053510 |
| 748544  |    5 | 0.0000066796 |
| 749568  |    5 | 0.0000066705 |
| 750592  |    5 | 0.0000066614 |
| 751616  |    5 | 0.0000066523 |
| 752640  |    4 | 0.0000053146 |
| 753664  |    5 | 0.0000066342 |
| 754688  |    5 | 0.0000066252 |
| 755712  |    5 | 0.0000066162 |
| 756736  |    5 | 0.0000066073 |
| 757760  |    5 | 0.0000065983 |
| 758784  |    5 | 0.0000065894 |
| 759808  |    5 | 0.0000065806 |
| 760832  |    5 | 0.0000065717 |
| 761856  |    5 | 0.0000065629 |
| 762880  |    5 | 0.0000065541 |
| 763904  |    5 | 0.0000065453 |
| 764928  |    5 | 0.0000065365 |
| 765952  |    5 | 0.0000065278 |
| 766976  |    6 | 0.0000078229 |
| 768000  |    6 | 0.0000078125 |
| 769024  |    6 | 0.0000078020 |
| 770048  |    6 | 0.0000077917 |
| 771072  |    6 | 0.0000077813 |
| 772096  |    5 | 0.0000064758 |
| 773120  |    5 | 0.0000064673 |
| 774144  |    5 | 0.0000064587 |
| 775168  |    5 | 0.0000064502 |
| 776192  |    5 | 0.0000064417 |
| 777216  |    5 | 0.0000064332 |
| 778240  |    5 | 0.0000064247 |
| 779264  |    5 | 0.0000064163 |
| 780288  |    5 | 0.0000064078 |
| 781312  |    5 | 0.0000063994 |
| 782336  |    5 | 0.0000063911 |
| 783360  |    6 | 0.0000076593 |
| 784384  |    6 | 0.0000076493 |
| 785408  |   10 | 0.0000127322 |
| 786432  |   11 | 0.0000139872 |
| 787456  |   10 | 0.0000126991 |
| 788480  |    7 | 0.0000088778 |
| 789504  |    5 | 0.0000063330 |
| 790528  |    5 | 0.0000063248 |
| 791552  |    6 | 0.0000075800 |
| 792576  |    5 | 0.0000063085 |
| 793600  |    5 | 0.0000063004 |
| 794624  |    5 | 0.0000062922 |
| 795648  |    5 | 0.0000062841 |
| 796672  |    5 | 0.0000062761 |
| 797696  |    5 | 0.0000062680 |
| 798720  |    5 | 0.0000062600 |
| 799744  |    5 | 0.0000062520 |
| 800768  |    5 | 0.0000062440 |
| 801792  |    5 | 0.0000062360 |
| 802816  |    5 | 0.0000062280 |
| 803840  |    5 | 0.0000062201 |
| 804864  |    6 | 0.0000074546 |
| 805888  |    6 | 0.0000074452 |
| 806912  |    5 | 0.0000061964 |
| 807936  |    6 | 0.0000074263 |
| 808960  |    5 | 0.0000061807 |
| 809984  |    7 | 0.0000086421 |
| 811008  |    5 | 0.0000061651 |
| 812032  |    5 | 0.0000061573 |
| 813056  |    5 | 0.0000061496 |
| 814080  |    5 | 0.0000061419 |
| 815104  |    7 | 0.0000085878 |
| 816128  |    5 | 0.0000061264 |
| 817152  |    6 | 0.0000073425 |
| 818176  |    5 | 0.0000061111 |
| 819200  |    7 | 0.0000085449 |
| 820224  |    6 | 0.0000073150 |
| 821248  |    7 | 0.0000085236 |
| 822272  |    5 | 0.0000060807 |
| 823296  |    6 | 0.0000072877 |
| 824320  |    5 | 0.0000060656 |
| 825344  |    6 | 0.0000072696 |
| 826368  |    5 | 0.0000060505 |
| 827392  |    5 | 0.0000060430 |
| 828416  |    5 | 0.0000060356 |
| 829440  |    5 | 0.0000060281 |
| 830464  |    5 | 0.0000060207 |
| 831488  |    6 | 0.0000072159 |
| 832512  |    5 | 0.0000060059 |
| 833536  |    5 | 0.0000059985 |
| 834560  |    5 | 0.0000059911 |
| 835584  |    6 | 0.0000071806 |
| 836608  |    5 | 0.0000059765 |
| 837632  |    6 | 0.0000071630 |
| 838656  |    5 | 0.0000059619 |
| 839680  |    5 | 0.0000059546 |
| 840704  |    5 | 0.0000059473 |
| 841728  |    5 | 0.0000059401 |
| 842752  |    6 | 0.0000071195 |
| 843776  |    5 | 0.0000059257 |
| 844800  |    6 | 0.0000071022 |
| 845824  |    6 | 0.0000070936 |
| 846848  |    5 | 0.0000059042 |
| 847872  |    6 | 0.0000070765 |
| 848896  |    6 | 0.0000070680 |
| 849920  |    6 | 0.0000070594 |
| 850944  |    5 | 0.0000058758 |
| 851968  |    6 | 0.0000070425 |
| 852992  |    5 | 0.0000058617 |
| 854016  |    6 | 0.0000070256 |
| 855040  |    5 | 0.0000058476 |
| 856064  |    6 | 0.0000070088 |
| 857088  |    5 | 0.0000058337 |
| 858112  |    6 | 0.0000069920 |
| 859136  |    6 | 0.0000069837 |
| 860160  |    7 | 0.0000081380 |
| 861184  |    6 | 0.0000069671 |
| 862208  |    5 | 0.0000057990 |
| 863232  |    6 | 0.0000069506 |
| 864256  |    6 | 0.0000069423 |
| 865280  |    6 | 0.0000069341 |
| 866304  |    5 | 0.0000057716 |
| 867328  |    6 | 0.0000069177 |
| 868352  |    5 | 0.0000057580 |
| 869376  |    6 | 0.0000069015 |
| 870400  |    6 | 0.0000068933 |
| 871424  |    5 | 0.0000057377 |
| 872448  |    6 | 0.0000068772 |
| 873472  |    5 | 0.0000057242 |
| 874496  |    6 | 0.0000068610 |
| 875520  |    6 | 0.0000068530 |
| 876544  |    5 | 0.0000057042 |
| 877568  |    5 | 0.0000056975 |
| 878592  |    6 | 0.0000068291 |
| 879616  |    7 | 0.0000079580 |
| 880640  |    6 | 0.0000068132 |
| 881664  |    5 | 0.0000056710 |
| 882688  |    6 | 0.0000067974 |
| 883712  |    6 | 0.0000067895 |
| 884736  |    5 | 0.0000056514 |
| 885760  |    6 | 0.0000067738 |
| 886784  |    6 | 0.0000067660 |
| 887808  |    6 | 0.0000067582 |
| 888832  |    6 | 0.0000067504 |
| 889856  |    6 | 0.0000067426 |
| 890880  |    6 | 0.0000067349 |
| 891904  |    6 | 0.0000067271 |
| 892928  |    6 | 0.0000067194 |
| 893952  |    6 | 0.0000067117 |
| 894976  |    5 | 0.0000055867 |
| 896000  |    6 | 0.0000066964 |
| 897024  |    5 | 0.0000055739 |
| 898048  |    6 | 0.0000066811 |
| 899072  |    7 | 0.0000077858 |
| 900096  |    6 | 0.0000066659 |
| 901120  |    5 | 0.0000055486 |
| 902144  |    5 | 0.0000055423 |
| 903168  |    5 | 0.0000055360 |
| 904192  |    6 | 0.0000066357 |
| 905216  |    6 | 0.0000066282 |
| 906240  |    5 | 0.0000055173 |
| 907264  |    6 | 0.0000066132 |
| 908288  |    7 | 0.0000077068 |
| 909312  |    6 | 0.0000065983 |
| 910336  |    6 | 0.0000065909 |
| 911360  |    6 | 0.0000065835 |
| 912384  |    6 | 0.0000065761 |
| 913408  |    6 | 0.0000065688 |
| 914432  |    6 | 0.0000065614 |
| 915456  |    6 | 0.0000065541 |
| 916480  |    7 | 0.0000076379 |
| 917504  |    7 | 0.0000076293 |
| 918528  |    7 | 0.0000076208 |
| 919552  |    6 | 0.0000065249 |
| 920576  |    6 | 0.0000065176 |
| 921600  |    6 | 0.0000065104 |
| 922624  |    6 | 0.0000065031 |
| 923648  |    6 | 0.0000064959 |
| 924672  |    6 | 0.0000064887 |
| 925696  |    7 | 0.0000075618 |
| 926720  |    6 | 0.0000064744 |
| 927744  |    6 | 0.0000064673 |
| 928768  |    7 | 0.0000075368 |
| 929792  |    6 | 0.0000064530 |
| 930816  |    6 | 0.0000064459 |
| 931840  |    6 | 0.0000064388 |
| 932864  |    6 | 0.0000064318 |
| 933888  |    6 | 0.0000064247 |
| 934912  |    7 | 0.0000074873 |
| 935936  |    7 | 0.0000074791 |
| 936960  |    5 | 0.0000053364 |
| 937984  |    6 | 0.0000063966 |
| 939008  |   10 | 0.0000106495 |
| 940032  |    6 | 0.0000063827 |
| 941056  |    6 | 0.0000063758 |
| 942080  |    6 | 0.0000063688 |
| 943104  |    6 | 0.0000063619 |
| 944128  |    6 | 0.0000063550 |
| 945152  |    6 | 0.0000063481 |
| 946176  |    6 | 0.0000063413 |
| 947200  |    7 | 0.0000073902 |
| 948224  |    6 | 0.0000063276 |
| 949248  |    5 | 0.0000052673 |
| 950272  |    5 | 0.0000052616 |
| 951296  |    6 | 0.0000063071 |
| 952320  |    6 | 0.0000063004 |
| 953344  |    5 | 0.0000052446 |
| 954368  |    6 | 0.0000062868 |
| 955392  |    6 | 0.0000062801 |
| 956416  |    7 | 0.0000073189 |
| 957440  |    7 | 0.0000073111 |
| 958464  |    6 | 0.0000062600 |
| 959488  |    6 | 0.0000062533 |
| 960512  |    8 | 0.0000083288 |
| 961536  |    9 | 0.0000093600 |
| 962560  |    7 | 0.0000072722 |
| 963584  |    7 | 0.0000072645 |
| 964608  |    6 | 0.0000062201 |
| 965632  |    8 | 0.0000082847 |
| 966656  |    6 | 0.0000062069 |
| 967680  |    6 | 0.0000062003 |
| 968704  |    6 | 0.0000061938 |
| 969728  |    6 | 0.0000061873 |
| 970752  |    6 | 0.0000061807 |
| 971776  |    6 | 0.0000061742 |
| 972800  |    6 | 0.0000061677 |
| 973824  |    6 | 0.0000061612 |
| 974848  |    6 | 0.0000061548 |
| 975872  |    6 | 0.0000061483 |
| 976896  |    6 | 0.0000061419 |
| 977920  |    7 | 0.0000071580 |
| 978944  |    6 | 0.0000061290 |
| 979968  |    7 | 0.0000071430 |
| 980992  |    6 | 0.0000061162 |
| 982016  |    7 | 0.0000071281 |
| 983040  |    6 | 0.0000061035 |
| 984064  |    6 | 0.0000060971 |
| 985088  |    6 | 0.0000060908 |
| 986112  |    6 | 0.0000060845 |
| 987136  |    7 | 0.0000070912 |
| 988160  |    7 | 0.0000070838 |
| 989184  |    6 | 0.0000060656 |
| 990208  |    6 | 0.0000060593 |
| 991232  |    8 | 0.0000080707 |
| 992256  |    6 | 0.0000060468 |
| 993280  |    6 | 0.0000060405 |
| 994304  |    6 | 0.0000060343 |
| 995328  |    6 | 0.0000060281 |
| 996352  |    6 | 0.0000060219 |
| 997376  |    6 | 0.0000060157 |
| 998400  |    6 | 0.0000060096 |
| 999424  |    6 | 0.0000060034 |
| 1000448 |    6 | 0.0000059973 |
| 1001472 |    7 | 0.0000069897 |
| 1002496 |    7 | 0.0000069825 |
| 1003520 |    7 | 0.0000069754 |
| 1004544 |    6 | 0.0000059728 |
| 1005568 |    6 | 0.0000059667 |
| 1006592 |    7 | 0.0000069541 |
| 1007616 |    7 | 0.0000069470 |
| 1008640 |    6 | 0.0000059486 |
| 1009664 |    6 | 0.0000059425 |
| 1010688 |    6 | 0.0000059365 |
| 1011712 |    7 | 0.0000069189 |
| 1012736 |    6 | 0.0000059245 |
| 1013760 |    6 | 0.0000059185 |
| 1014784 |    7 | 0.0000068980 |
| 1015808 |    6 | 0.0000059066 |
| 1016832 |    7 | 0.0000068841 |
| 1017856 |    7 | 0.0000068772 |
| 1018880 |    9 | 0.0000088332 |
| 1019904 |    6 | 0.0000058829 |
| 1020928 |    6 | 0.0000058770 |
| 1021952 |    6 | 0.0000058711 |
| 1022976 |    7 | 0.0000068427 |
| 1024000 |    6 | 0.0000058593 |
| 1025024 |    6 | 0.0000058535 |
| 1026048 |    6 | 0.0000058476 |
| 1027072 |    7 | 0.0000068154 |
| 1028096 |    7 | 0.0000068087 |
| 1029120 |    7 | 0.0000068019 |
| 1030144 |    6 | 0.0000058244 |
| 1031168 |    7 | 0.0000067884 |
| 1032192 |    7 | 0.0000067816 |
| 1033216 |    6 | 0.0000058071 |
| 1034240 |    6 | 0.0000058013 |
| 1035264 |    7 | 0.0000067615 |
| 1036288 |    7 | 0.0000067548 |
| 1037312 |    7 | 0.0000067482 |
| 1038336 |    7 | 0.0000067415 |
| 1039360 |    6 | 0.0000057727 |
| 1040384 |    6 | 0.0000057671 |
| 1041408 |    7 | 0.0000067216 |
| 1042432 |    7 | 0.0000067150 |
| 1043456 |    7 | 0.0000067084 |
| 1044480 |    6 | 0.0000057444 |
| 1045504 |    7 | 0.0000066953 |
| 1046528 |    7 | 0.0000066887 |
| 1047552 |    8 | 0.0000076368 |
| 1048576 |    7 | 0.0000066757 |
+---------+------+--------------+
Rough Weight: 0.0000115046
      Weight: 0.0000076895
