$ java -Xms3303m -Xmx3303m -jar teiid-sizing-jar.jar deserialization 2014 1024 0.75 true true
Prepare deserialization data
100% finished
Insert 8249344 rows, size 2014MB, spend 1162985 milliseconds
Collect deserialization (size, time) tuples
100% finished
Collect 1024 tuples, spend 8701216 milliseconds, garbage collection spend 66128, garbage collection count 5070
Calculating linear regression weight
+------------+------+--------------+
|    SIZE    | TIME |    WEIGHT    |
+------------+------+--------------+
| 2062336    |   70 | 0.0000339420 |
| 4124672    |  105 | 0.0000254565 |
| 6187008    |  134 | 0.0000216582 |
| 8249344    |  143 | 0.0000173347 |
| 10311680   |   96 | 0.0000093098 |
| 12374016   |  194 | 0.0000156780 |
| 14436352   |  218 | 0.0000151007 |
| 16498688   |  141 | 0.0000085461 |
| 18561024   |  146 | 0.0000078659 |
| 20623360   |  158 | 0.0000076612 |
| 22685696   |  176 | 0.0000077581 |
| 24748032   |  194 | 0.0000078390 |
| 26810368   |  208 | 0.0000077581 |
| 28872704   |  228 | 0.0000078967 |
| 30935040   |  243 | 0.0000078551 |
| 32997376   |  263 | 0.0000079703 |
| 35059712   |  284 | 0.0000081004 |
| 37122048   |  302 | 0.0000081353 |
| 39184384   |  315 | 0.0000080389 |
| 41246720   |  328 | 0.0000079521 |
| 43309056   |  346 | 0.0000079890 |
| 45371392   |  365 | 0.0000080447 |
| 47433728   |  377 | 0.0000079479 |
| 49496064   |  395 | 0.0000079804 |
| 51558400   |  414 | 0.0000080297 |
| 53620736   |  430 | 0.0000080192 |
| 55683072   |  448 | 0.0000080455 |
| 57745408   |  468 | 0.0000081045 |
| 59807744   |  486 | 0.0000081260 |
| 61870080   |  495 | 0.0000080006 |
| 63932416   |  522 | 0.0000081648 |
| 65994752   |  529 | 0.0000080157 |
| 68057088   |  544 | 0.0000079932 |
| 70119424   |  576 | 0.0000082145 |
| 72181760   |  589 | 0.0000081599 |
| 74244096   |  596 | 0.0000080275 |
| 76306432   |  615 | 0.0000080596 |
| 78368768   |  635 | 0.0000081027 |
| 80431104   |  654 | 0.0000081311 |
| 82493440   |  668 | 0.0000080976 |
| 84555776   |  686 | 0.0000081129 |
| 86618112   |  698 | 0.0000080583 |
| 88680448   |  717 | 0.0000080852 |
| 90742784   |  733 | 0.0000080777 |
| 92805120   |  753 | 0.0000081137 |
| 94867456   |  763 | 0.0000080428 |
| 96929792   |  781 | 0.0000080573 |
| 98992128   |  795 | 0.0000080309 |
| 101054464  |  828 | 0.0000081936 |
| 103116800  |  837 | 0.0000081170 |
| 105179136  |  854 | 0.0000081194 |
| 107241472  |  870 | 0.0000081125 |
| 109303808  |  894 | 0.0000081790 |
| 111366144  |  901 | 0.0000080904 |
| 113428480  |  916 | 0.0000080755 |
| 115490816  |  931 | 0.0000080612 |
| 117553152  |  951 | 0.0000080899 |
| 119615488  |  967 | 0.0000080842 |
| 121677824  |  991 | 0.0000081444 |
| 123740160  | 1011 | 0.0000081703 |
| 125802496  | 1029 | 0.0000081794 |
| 127864832  | 1041 | 0.0000081414 |
| 129927168  | 1060 | 0.0000081584 |
| 131989504  | 1076 | 0.0000081521 |
| 134051840  | 1096 | 0.0000081759 |
| 136114176  | 1110 | 0.0000081549 |
| 138176512  | 1129 | 0.0000081707 |
| 140238848  | 1153 | 0.0000082216 |
| 142301184  | 1162 | 0.0000081657 |
| 144363520  | 1181 | 0.0000081807 |
| 146425856  | 1197 | 0.0000081747 |
| 148488192  | 1218 | 0.0000082026 |
| 150550528  | 1230 | 0.0000081700 |
| 152612864  | 1247 | 0.0000081710 |
| 154675200  | 1204 | 0.0000077840 |
| 156737536  | 1216 | 0.0000077581 |
| 158799872  | 1234 | 0.0000077707 |
| 160862208  | 1252 | 0.0000077830 |
| 162924544  | 1265 | 0.0000077643 |
| 164986880  | 1284 | 0.0000077824 |
| 167049216  | 1300 | 0.0000077821 |
| 169111552  | 1317 | 0.0000077877 |
| 171173888  | 1329 | 0.0000077640 |
| 173236224  | 1345 | 0.0000077639 |
| 175298560  | 1365 | 0.0000077867 |
| 177360896  | 1380 | 0.0000077807 |
| 179423232  | 1396 | 0.0000077804 |
| 181485568  | 1424 | 0.0000078463 |
| 183547904  | 1430 | 0.0000077908 |
| 185610240  | 1444 | 0.0000077797 |
| 187672576  | 1460 | 0.0000077795 |
| 189734912  | 1507 | 0.0000079426 |
| 191797248  | 1522 | 0.0000079354 |
| 193859584  | 1514 | 0.0000078097 |
| 195921920  | 1530 | 0.0000078092 |
| 197984256  | 1545 | 0.0000078036 |
| 200046592  | 1573 | 0.0000078631 |
| 202108928  | 1574 | 0.0000077878 |
| 204171264  | 1598 | 0.0000078267 |
| 206233600  | 1613 | 0.0000078212 |
| 208295936  | 1622 | 0.0000077869 |
| 210358272  | 1648 | 0.0000078342 |
| 212420608  | 1653 | 0.0000077817 |
| 214482944  | 1680 | 0.0000078327 |
| 216545280  | 1698 | 0.0000078413 |
| 218607616  | 1721 | 0.0000078725 |
| 220669952  | 1723 | 0.0000078080 |
| 222732288  | 1739 | 0.0000078075 |
| 224794624  | 1754 | 0.0000078026 |
| 226856960  | 1783 | 0.0000078595 |
| 228919296  | 1783 | 0.0000077887 |
| 230981632  | 1829 | 0.0000079183 |
| 233043968  | 1834 | 0.0000078697 |
| 235106304  | 1848 | 0.0000078602 |
| 237168640  | 1862 | 0.0000078509 |
| 239230976  | 1874 | 0.0000078334 |
| 241293312  | 1892 | 0.0000078410 |
| 243355648  | 1903 | 0.0000078198 |
| 245417984  | 1917 | 0.0000078111 |
| 247480320  | 1938 | 0.0000078309 |
| 249542656  | 1953 | 0.0000078263 |
| 251604992  | 1978 | 0.0000078615 |
| 253667328  | 1987 | 0.0000078330 |
| 255729664  | 2000 | 0.0000078207 |
| 257792000  | 2019 | 0.0000078318 |
| 259854336  | 2040 | 0.0000078505 |
| 261916672  | 2052 | 0.0000078345 |
| 263979008  | 2067 | 0.0000078301 |
| 266041344  | 2099 | 0.0000078897 |
| 268103680  | 2105 | 0.0000078514 |
| 270166016  | 2121 | 0.0000078507 |
| 272228352  | 2128 | 0.0000078169 |
| 274290688  | 2147 | 0.0000078274 |
| 276353024  | 2163 | 0.0000078269 |
| 278415360  | 2176 | 0.0000078156 |
| 280477696  | 2202 | 0.0000078508 |
| 282540032  | 2224 | 0.0000078714 |
| 284602368  | 2234 | 0.0000078495 |
| 286664704  | 2247 | 0.0000078384 |
| 288727040  | 2262 | 0.0000078343 |
| 290789376  | 2288 | 0.0000078682 |
| 292851712  | 2293 | 0.0000078299 |
| 294914048  | 2309 | 0.0000078293 |
| 296976384  | 2318 | 0.0000078053 |
| 299038720  | 2351 | 0.0000078618 |
| 301101056  | 2352 | 0.0000078113 |
| 303163392  | 2412 | 0.0000079561 |
| 305225728  | 2398 | 0.0000078564 |
| 307288064  | 2410 | 0.0000078428 |
| 309350400  | 2429 | 0.0000078519 |
| 311412736  | 2468 | 0.0000079251 |
| 313475072  | 2463 | 0.0000078570 |
| 315537408  | 2475 | 0.0000078437 |
| 317599744  | 2519 | 0.0000079313 |
| 319662080  | 2499 | 0.0000078176 |
| 321724416  | 2538 | 0.0000078887 |
| 323786752  | 2537 | 0.0000078354 |
| 325849088  | 2563 | 0.0000078656 |
| 327911424  | 2577 | 0.0000078588 |
| 329973760  | 2595 | 0.0000078642 |
| 332036096  | 2612 | 0.0000078666 |
| 334098432  | 2629 | 0.0000078689 |
| 336160768  | 2638 | 0.0000078474 |
| 338223104  | 2655 | 0.0000078498 |
| 340285440  | 2668 | 0.0000078404 |
| 342347776  | 2725 | 0.0000079597 |
| 344410112  | 2700 | 0.0000078394 |
| 346472448  | 2723 | 0.0000078592 |
| 348534784  | 2767 | 0.0000079389 |
| 350597120  | 2790 | 0.0000079578 |
| 352659456  | 2773 | 0.0000078631 |
| 354721792  | 2786 | 0.0000078540 |
| 356784128  | 2816 | 0.0000078927 |
| 358846464  | 2821 | 0.0000078613 |
| 360908800  | 2834 | 0.0000078523 |
| 362971136  | 2863 | 0.0000078876 |
| 365033472  | 2882 | 0.0000078951 |
| 367095808  | 2888 | 0.0000078671 |
| 369158144  | 2903 | 0.0000078638 |
| 371220480  | 2924 | 0.0000078767 |
| 373282816  | 2928 | 0.0000078439 |
| 375345152  | 2945 | 0.0000078461 |
| 377407488  | 2969 | 0.0000078668 |
| 379469824  | 2975 | 0.0000078398 |
| 381532160  | 2996 | 0.0000078525 |
| 383594496  | 3020 | 0.0000078728 |
| 385656832  | 3030 | 0.0000078567 |
| 387719168  | 3043 | 0.0000078484 |
| 389781504  | 3071 | 0.0000078787 |
| 391843840  | 3089 | 0.0000078832 |
| 393906176  | 3088 | 0.0000078394 |
| 395968512  | 3122 | 0.0000078844 |
| 398030848  | 3132 | 0.0000078687 |
| 400093184  | 3139 | 0.0000078456 |
| 402155520  | 3181 | 0.0000079098 |
| 404217856  | 3180 | 0.0000078670 |
| 406280192  | 3190 | 0.0000078517 |
| 408342528  | 3214 | 0.0000078708 |
| 410404864  | 3227 | 0.0000078629 |
| 412467200  | 3246 | 0.0000078697 |
| 414529536  | 3264 | 0.0000078739 |
| 416591872  | 3266 | 0.0000078398 |
| 418654208  | 3291 | 0.0000078609 |
| 420716544  | 3302 | 0.0000078485 |
| 422778880  | 3322 | 0.0000078575 |
| 424841216  | 3340 | 0.0000078617 |
| 426903552  | 3354 | 0.0000078565 |
| 428965888  | 3374 | 0.0000078654 |
| 431028224  | 3387 | 0.0000078579 |
| 433090560  | 3403 | 0.0000078574 |
| 435152896  | 3424 | 0.0000078684 |
| 437215232  | 3439 | 0.0000078656 |
| 439277568  | 3477 | 0.0000079152 |
| 441339904  | 3481 | 0.0000078873 |
| 443402240  | 3492 | 0.0000078754 |
| 445464576  | 3502 | 0.0000078614 |
| 447526912  | 3517 | 0.0000078587 |
| 449589248  | 3530 | 0.0000078516 |
| 451651584  | 3550 | 0.0000078600 |
| 453713920  | 3560 | 0.0000078463 |
| 455776256  | 3580 | 0.0000078547 |
| 457838592  | 3590 | 0.0000078411 |
| 459900928  | 3611 | 0.0000078516 |
| 461963264  | 3627 | 0.0000078512 |
| 464025600  | 3644 | 0.0000078530 |
| 466087936  | 3669 | 0.0000078719 |
| 468150272  | 3675 | 0.0000078500 |
| 470212608  | 3693 | 0.0000078538 |
| 472274944  | 3729 | 0.0000078958 |
| 474337280  | 3740 | 0.0000078846 |
| 476399616  | 3732 | 0.0000078337 |
| 478461952  | 3761 | 0.0000078606 |
| 480524288  | 3777 | 0.0000078601 |
| 482586624  | 3793 | 0.0000078597 |
| 484648960  | 3809 | 0.0000078592 |
| 486711296  | 3816 | 0.0000078403 |
| 488773632  | 3839 | 0.0000078543 |
| 490835968  | 3855 | 0.0000078539 |
| 492898304  | 3887 | 0.0000078860 |
| 494960640  | 3888 | 0.0000078551 |
| 497022976  | 3913 | 0.0000078728 |
| 499085312  | 3915 | 0.0000078443 |
| 501147648  | 3938 | 0.0000078579 |
| 503209984  | 3949 | 0.0000078476 |
| 505272320  | 3977 | 0.0000078710 |
| 507334656  | 4002 | 0.0000078882 |
| 509396992  | 4004 | 0.0000078602 |
| 511459328  | 4016 | 0.0000078520 |
| 513521664  | 4039 | 0.0000078652 |
| 515584000  | 4046 | 0.0000078474 |
| 517646336  | 4065 | 0.0000078528 |
| 519708672  | 4101 | 0.0000078909 |
| 521771008  | 4095 | 0.0000078482 |
| 523833344  | 4118 | 0.0000078612 |
| 525895680  | 4129 | 0.0000078513 |
| 527958016  | 4149 | 0.0000078585 |
| 530020352  | 4198 | 0.0000079204 |
| 532082688  | 4177 | 0.0000078502 |
| 534145024  | 4267 | 0.0000079884 |
| 536207360  | 4203 | 0.0000078383 |
| 538269696  | 4218 | 0.0000078362 |
| 540332032  | 4252 | 0.0000078692 |
| 542394368  | 4278 | 0.0000078872 |
| 544456704  | 4268 | 0.0000078390 |
| 546519040  | 4298 | 0.0000078643 |
| 548581376  | 4310 | 0.0000078566 |
| 550643712  | 4327 | 0.0000078580 |
| 552706048  | 4343 | 0.0000078577 |
| 554768384  | 4370 | 0.0000078771 |
| 556830720  | 4372 | 0.0000078515 |
| 558893056  | 4393 | 0.0000078601 |
| 560955392  | 4405 | 0.0000078526 |
| 563017728  | 4449 | 0.0000079020 |
| 565080064  | 4436 | 0.0000078502 |
| 567142400  | 4457 | 0.0000078586 |
| 569204736  | 4496 | 0.0000078987 |
| 571267072  | 4486 | 0.0000078527 |
| 573329408  | 4538 | 0.0000079151 |
| 575391744  | 4588 | 0.0000079736 |
| 577454080  | 4553 | 0.0000078846 |
| 579516416  | 4577 | 0.0000078979 |
| 581578752  | 4576 | 0.0000078682 |
| 583641088  | 4587 | 0.0000078592 |
| 585703424  | 4611 | 0.0000078725 |
| 587765760  | 4626 | 0.0000078704 |
| 589828096  | 4645 | 0.0000078751 |
| 591890432  | 4654 | 0.0000078629 |
| 593952768  | 4693 | 0.0000079013 |
| 596015104  | 4696 | 0.0000078789 |
| 598077440  | 4704 | 0.0000078652 |
| 600139776  | 4713 | 0.0000078531 |
| 602202112  | 4739 | 0.0000078694 |
| 604264448  | 4756 | 0.0000078707 |
| 606326784  | 4780 | 0.0000078835 |
| 608389120  | 4801 | 0.0000078913 |
| 610451456  | 4791 | 0.0000078482 |
| 612513792  | 4831 | 0.0000078871 |
| 614576128  | 4830 | 0.0000078590 |
| 616638464  | 4847 | 0.0000078603 |
| 618700800  | 4873 | 0.0000078761 |
| 620763136  | 4881 | 0.0000078629 |
| 622825472  | 4953 | 0.0000079524 |
| 624887808  | 4952 | 0.0000079246 |
| 626950144  | 4928 | 0.0000078602 |
| 629012480  | 4947 | 0.0000078647 |
| 631074816  | 4997 | 0.0000079182 |
| 633137152  | 4986 | 0.0000078750 |
| 635199488  | 5013 | 0.0000078920 |
| 637261824  | 5011 | 0.0000078633 |
| 639324160  | 5039 | 0.0000078817 |
| 641386496  | 5040 | 0.0000078579 |
| 643448832  | 5068 | 0.0000078763 |
| 645511168  | 5102 | 0.0000079038 |
| 647573504  | 5101 | 0.0000078770 |
| 649635840  | 5127 | 0.0000078921 |
| 651698176  | 5142 | 0.0000078901 |
| 653760512  | 5182 | 0.0000079264 |
| 655822848  | 5173 | 0.0000078878 |
| 657885184  | 5197 | 0.0000078995 |
| 659947520  | 5191 | 0.0000078657 |
| 662009856  | 5200 | 0.0000078548 |
| 664072192  | 5230 | 0.0000078756 |
| 666134528  | 5248 | 0.0000078782 |
| 668196864  | 5260 | 0.0000078719 |
| 670259200  | 5288 | 0.0000078894 |
| 672321536  | 5308 | 0.0000078950 |
| 674383872  | 5293 | 0.0000078486 |
| 676446208  | 5316 | 0.0000078587 |
| 678508544  | 5329 | 0.0000078539 |
| 680570880  | 5385 | 0.0000079124 |
| 682633216  | 5376 | 0.0000078753 |
| 684695552  | 5386 | 0.0000078662 |
| 686757888  | 5387 | 0.0000078441 |
| 688820224  | 5462 | 0.0000079295 |
| 690882560  | 5436 | 0.0000078681 |
| 692944896  | 5457 | 0.0000078750 |
| 695007232  | 5492 | 0.0000079020 |
| 697069568  | 5507 | 0.0000079002 |
| 699131904  | 5490 | 0.0000078525 |
| 701194240  | 5523 | 0.0000078765 |
| 703256576  | 5545 | 0.0000078847 |
| 705318912  | 5556 | 0.0000078772 |
| 707381248  | 5536 | 0.0000078260 |
| 709443584  | 5624 | 0.0000079273 |
| 711505920  | 5662 | 0.0000079577 |
| 713568256  | 5647 | 0.0000079137 |
| 715630592  | 5633 | 0.0000078713 |
| 717692928  | 5644 | 0.0000078640 |
| 719755264  | 5666 | 0.0000078721 |
| 721817600  | 5686 | 0.0000078773 |
| 723879936  | 5702 | 0.0000078769 |
| 725942272  | 5705 | 0.0000078587 |
| 728004608  | 5737 | 0.0000078804 |
| 730066944  | 5752 | 0.0000078787 |
| 732129280  | 5756 | 0.0000078619 |
| 734191616  | 5779 | 0.0000078712 |
| 736253952  | 5792 | 0.0000078668 |
| 738316288  | 5841 | 0.0000079112 |
| 740378624  | 5834 | 0.0000078797 |
| 742440960  | 5842 | 0.0000078686 |
| 744503296  | 5914 | 0.0000079435 |
| 746565632  | 5873 | 0.0000078666 |
| 748627968  | 5888 | 0.0000078650 |
| 750690304  | 5905 | 0.0000078660 |
| 752752640  | 5922 | 0.0000078671 |
| 754814976  | 5954 | 0.0000078880 |
| 756877312  | 5966 | 0.0000078823 |
| 758939648  | 5977 | 0.0000078754 |
| 761001984  | 5987 | 0.0000078672 |
| 763064320  | 6029 | 0.0000079010 |
| 765126656  | 6015 | 0.0000078614 |
| 767188992  | 6035 | 0.0000078663 |
| 769251328  | 6051 | 0.0000078660 |
| 771313664  | 6090 | 0.0000078956 |
| 773376000  | 6077 | 0.0000078577 |
| 775438336  | 6114 | 0.0000078845 |
| 777500672  | 6141 | 0.0000078983 |
| 779563008  | 6167 | 0.0000079108 |
| 781625344  | 6151 | 0.0000078694 |
| 783687680  | 6174 | 0.0000078781 |
| 785750016  | 6199 | 0.0000078892 |
| 787812352  | 6192 | 0.0000078597 |
| 789874688  | 6230 | 0.0000078873 |
| 791937024  | 6246 | 0.0000078869 |
| 793999360  | 6247 | 0.0000078677 |
| 796061696  | 6330 | 0.0000079516 |
| 798124032  | 6284 | 0.0000078734 |
| 800186368  | 6286 | 0.0000078556 |
| 802248704  | 6320 | 0.0000078778 |
| 804311040  | 6329 | 0.0000078688 |
| 806373376  | 6342 | 0.0000078648 |
| 808435712  | 6365 | 0.0000078732 |
| 810498048  | 6397 | 0.0000078926 |
| 812560384  | 6407 | 0.0000078849 |
| 814622720  | 6455 | 0.0000079239 |
| 816685056  | 6430 | 0.0000078732 |
| 818747392  | 6448 | 0.0000078754 |
| 820809728  | 6494 | 0.0000079116 |
| 822872064  | 6483 | 0.0000078785 |
| 824934400  | 6486 | 0.0000078624 |
| 826996736  | 6523 | 0.0000078875 |
| 829059072  | 6527 | 0.0000078727 |
| 831121408  | 6533 | 0.0000078604 |
| 833183744  | 6566 | 0.0000078806 |
| 835246080  | 6577 | 0.0000078743 |
| 837308416  | 6583 | 0.0000078620 |
| 839370752  | 6612 | 0.0000078773 |
| 841433088  | 6613 | 0.0000078592 |
| 843495424  | 6629 | 0.0000078589 |
| 845557760  | 6651 | 0.0000078658 |
| 847620096  | 6654 | 0.0000078502 |
| 849682432  | 6708 | 0.0000078947 |
| 851744768  | 6711 | 0.0000078791 |
| 853807104  | 6727 | 0.0000078788 |
| 855869440  | 6726 | 0.0000078586 |
| 857931776  | 6751 | 0.0000078689 |
| 859994112  | 6775 | 0.0000078779 |
| 862056448  | 6791 | 0.0000078776 |
| 864118784  | 6846 | 0.0000079225 |
| 866181120  | 6849 | 0.0000079071 |
| 868243456  | 6826 | 0.0000078618 |
| 870305792  | 6876 | 0.0000079006 |
| 872368128  | 6878 | 0.0000078842 |
| 874430464  | 6877 | 0.0000078645 |
| 876492800  | 6892 | 0.0000078631 |
| 878555136  | 6910 | 0.0000078651 |
| 880617472  | 6915 | 0.0000078524 |
| 882679808  | 6951 | 0.0000078748 |
| 884742144  | 6972 | 0.0000078802 |
| 886804480  | 7059 | 0.0000079600 |
| 888866816  | 7005 | 0.0000078808 |
| 890929152  | 7005 | 0.0000078625 |
| 892991488  | 7023 | 0.0000078645 |
| 895053824  | 7032 | 0.0000078565 |
| 897116160  | 7050 | 0.0000078585 |
| 899178496  | 7107 | 0.0000079038 |
| 901240832  | 7094 | 0.0000078713 |
| 903303168  | 7094 | 0.0000078533 |
| 905365504  | 7142 | 0.0000078885 |
| 907427840  | 7137 | 0.0000078650 |
| 909490176  | 7170 | 0.0000078835 |
| 911552512  | 7180 | 0.0000078766 |
| 913614848  | 7192 | 0.0000078720 |
| 915677184  | 7257 | 0.0000079252 |
| 917739520  | 7256 | 0.0000079063 |
| 919801856  | 7285 | 0.0000079201 |
| 921864192  | 7294 | 0.0000079122 |
| 923926528  | 7337 | 0.0000079411 |
| 925988864  | 7362 | 0.0000079504 |
| 928051200  | 7349 | 0.0000079187 |
| 930113536  | 7371 | 0.0000079248 |
| 932175872  | 7373 | 0.0000079094 |
| 934238208  | 7411 | 0.0000079326 |
| 936300544  | 7442 | 0.0000079483 |
| 938362880  | 7435 | 0.0000079233 |
| 940425216  | 7466 | 0.0000079389 |
| 942487552  | 7471 | 0.0000079268 |
| 944549888  | 7515 | 0.0000079561 |
| 946612224  | 7523 | 0.0000079472 |
| 948674560  | 7516 | 0.0000079226 |
| 950736896  | 7522 | 0.0000079117 |
| 952799232  | 7555 | 0.0000079292 |
| 954861568  | 7597 | 0.0000079561 |
| 956923904  | 7585 | 0.0000079264 |
| 958986240  | 7595 | 0.0000079198 |
| 961048576  | 7626 | 0.0000079350 |
| 963110912  | 7643 | 0.0000079357 |
| 965173248  | 7686 | 0.0000079633 |
| 967235584  | 7684 | 0.0000079442 |
| 969297920  | 7672 | 0.0000079150 |
| 971360256  | 7708 | 0.0000079352 |
| 973422592  | 7725 | 0.0000079359 |
| 975484928  | 7722 | 0.0000079160 |
| 977547264  | 7781 | 0.0000079597 |
| 979609600  | 7766 | 0.0000079276 |
| 981671936  | 7788 | 0.0000079334 |
| 983734272  | 7823 | 0.0000079523 |
| 985796608  | 7801 | 0.0000079133 |
| 987858944  | 7850 | 0.0000079464 |
| 989921280  | 7864 | 0.0000079440 |
| 991983616  | 7853 | 0.0000079164 |
| 994045952  | 7911 | 0.0000079583 |
| 996108288  | 7880 | 0.0000079107 |
| 998170624  | 7920 | 0.0000079345 |
| 1000232960 | 7941 | 0.0000079391 |
| 1002295296 | 7969 | 0.0000079507 |
| 1004357632 | 7969 | 0.0000079344 |
| 1006419968 | 7970 | 0.0000079191 |
| 1008482304 | 8017 | 0.0000079495 |
| 1010544640 | 8000 | 0.0000079165 |
| 1012606976 | 8024 | 0.0000079241 |
| 1014669312 | 8075 | 0.0000079582 |
| 1016731648 | 8065 | 0.0000079322 |
| 1018793984 | 8131 | 0.0000079810 |
| 1020856320 | 8104 | 0.0000079384 |
| 1022918656 | 8112 | 0.0000079302 |
| 1024980992 | 8132 | 0.0000079338 |
| 1027043328 | 8171 | 0.0000079558 |
| 1029105664 | 8172 | 0.0000079408 |
| 1031168000 | 8194 | 0.0000079463 |
| 1033230336 |  8208 | 0.0000079440 |
| 1035292672 |  8248 | 0.0000079668 |
| 1037355008 |  8222 | 0.0000079259 |
| 1039417344 |  8261 | 0.0000079477 |
| 1041479680 |  8249 | 0.0000079204 |
| 1043542016 |  8253 | 0.0000079086 |
| 1045604352 |  8374 | 0.0000080087 |
| 1047666688 |  8350 | 0.0000079700 |
| 1049729024 |  8331 | 0.0000079363 |
| 1051791360 |  8342 | 0.0000079312 |
| 1053853696 |  8389 | 0.0000079603 |
| 1055916032 |  8368 | 0.0000079248 |
| 1057978368 |  8418 | 0.0000079566 |
| 1060040704 |  8474 | 0.0000079940 |
| 1062103040 |  8507 | 0.0000080095 |
| 1064165376 |  8468 | 0.0000079574 |
| 1066227712 |  8475 | 0.0000079485 |
| 1068290048 |  8488 | 0.0000079454 |
| 1070352384 |  8495 | 0.0000079366 |
| 1072414720 |  8511 | 0.0000079362 |
| 1074477056 |  8553 | 0.0000079601 |
| 1076539392 |  8582 | 0.0000079718 |
| 1078601728 |  8608 | 0.0000079807 |
| 1080664064 |  8588 | 0.0000079469 |
| 1082726400 |  8584 | 0.0000079281 |
| 1084788736 |  8612 | 0.0000079388 |
| 1086851072 |  8629 | 0.0000079394 |
| 1088913408 |  8651 | 0.0000079446 |
| 1090975744 |  9223 | 0.0000084539 |
| 1093038080 |  8664 | 0.0000079265 |
| 1095100416 |  8712 | 0.0000079554 |
| 1097162752 |  8780 | 0.0000080024 |
| 1099225088 |  8745 | 0.0000079556 |
| 1101287424 |  8733 | 0.0000079298 |
| 1103349760 |  8795 | 0.0000079711 |
| 1105412096 |  8810 | 0.0000079698 |
| 1107474432 |  8795 | 0.0000079414 |
| 1109536768 |  8824 | 0.0000079528 |
| 1111599104 |  8856 | 0.0000079669 |
| 1113661440 |  8846 | 0.0000079431 |
| 1115723776 |  8872 | 0.0000079517 |
| 1117786112 |  8896 | 0.0000079585 |
| 1119848448 |  8872 | 0.0000079225 |
| 1121910784 |  8930 | 0.0000079596 |
| 1123973120 |  8923 | 0.0000079388 |
| 1126035456 |  8947 | 0.0000079455 |
| 1128097792 |  8962 | 0.0000079443 |
| 1130160128 |  9007 | 0.0000079696 |
| 1132222464 |  9127 | 0.0000080611 |
| 1134284800 |  9066 | 0.0000079927 |
| 1136347136 |  9012 | 0.0000079306 |
| 1138409472 |  9044 | 0.0000079444 |
| 1140471808 |  9052 | 0.0000079370 |
| 1142534144 |  9061 | 0.0000079306 |
| 1144596480 |  9170 | 0.0000080115 |
| 1146658816 |  9101 | 0.0000079369 |
| 1148721152 |  9135 | 0.0000079523 |
| 1150783488 |  9141 | 0.0000079432 |
| 1152845824 |  9154 | 0.0000079403 |
| 1154908160 |  9171 | 0.0000079408 |
| 1156970496 |  9164 | 0.0000079206 |
| 1159032832 |  9205 | 0.0000079419 |
| 1161095168 |  9244 | 0.0000079614 |
| 1163157504 |  9270 | 0.0000079696 |
| 1165219840 |  9268 | 0.0000079538 |
| 1167282176 |  9316 | 0.0000079809 |
| 1169344512 |  9283 | 0.0000079386 |
| 1171406848 |  9301 | 0.0000079400 |
| 1173469184 |  9320 | 0.0000079422 |
| 1175531520 |  9347 | 0.0000079512 |
| 1177593856 |  9349 | 0.0000079390 |
| 1179656192 |  9353 | 0.0000079285 |
| 1181718528 |  9381 | 0.0000079384 |
| 1183780864 |  9453 | 0.0000079854 |
| 1185843200 |  9429 | 0.0000079513 |
| 1187905536 |  9455 | 0.0000079593 |
| 1189967872 |  9452 | 0.0000079430 |
| 1192030208 |  9502 | 0.0000079712 |
| 1194092544 |  9490 | 0.0000079474 |
| 1196154880 |  9566 | 0.0000079972 |
| 1198217216 |  9515 | 0.0000079409 |
| 1200279552 |  9603 | 0.0000080006 |
| 1202341888 |  9635 | 0.0000080135 |
| 1204404224 |  9524 | 0.0000079076 |
| 1206466560 |  9603 | 0.0000079596 |
| 1208528896 |  9617 | 0.0000079576 |
| 1210591232 |  9622 | 0.0000079481 |
| 1212653568 |  9668 | 0.0000079725 |
| 1214715904 |  9667 | 0.0000079582 |
| 1216778240 |  9730 | 0.0000079965 |
| 1218840576 |  9695 | 0.0000079542 |
| 1220902912 |  9668 | 0.0000079187 |
| 1222965248 |  9715 | 0.0000079438 |
| 1225027584 |  9780 | 0.0000079834 |
| 1227089920 |  9784 | 0.0000079733 |
| 1229152256 |  9765 | 0.0000079444 |
| 1231214592 |  9779 | 0.0000079425 |
| 1233276928 |  9818 | 0.0000079609 |
| 1235339264 |  9926 | 0.0000080350 |
| 1237401600 |  9813 | 0.0000079303 |
| 1239463936 |  9852 | 0.0000079485 |
| 1241526272 |  9856 | 0.0000079386 |
| 1243588608 |  9881 | 0.0000079455 |
| 1245650944 |  9916 | 0.0000079604 |
| 1247713280 |  9943 | 0.0000079689 |
| 1249775616 |  9897 | 0.0000079190 |
| 1251837952 |  9986 | 0.0000079770 |
| 1253900288 |  9960 | 0.0000079432 |
| 1255962624 |  9992 | 0.0000079556 |
| 1258024960 | 10007 | 0.0000079545 |
| 1260087296 | 10037 | 0.0000079653 |
| 1262149632 | 10051 | 0.0000079633 |
| 1264211968 | 10059 | 0.0000079567 |
| 1266274304 | 10070 | 0.0000079524 |
| 1268336640 | 10079 | 0.0000079466 |
| 1270398976 | 10097 | 0.0000079478 |
| 1272461312 | 10261 | 0.0000080638 |
| 1274523648 | 10169 | 0.0000079786 |
| 1276585984 | 10167 | 0.0000079642 |
| 1278648320 | 10189 | 0.0000079685 |
| 1280710656 | 10189 | 0.0000079557 |
| 1282772992 | 10242 | 0.0000079842 |
| 1284835328 | 10225 | 0.0000079582 |
| 1286897664 | 10278 | 0.0000079866 |
| 1288960000 | 10236 | 0.0000079412 |
| 1291022336 | 10244 | 0.0000079347 |
| 1293084672 | 10285 | 0.0000079538 |
| 1295147008 | 10330 | 0.0000079759 |
| 1297209344 | 10368 | 0.0000079925 |
| 1299271680 | 10314 | 0.0000079382 |
| 1301334016 | 10357 | 0.0000079587 |
| 1303396352 | 10347 | 0.0000079384 |
| 1305458688 | 10374 | 0.0000079466 |
| 1307521024 | 10390 | 0.0000079463 |
| 1309583360 | 10458 | 0.0000079857 |
| 1311645696 | 10430 | 0.0000079518 |
| 1313708032 | 10451 | 0.0000079553 |
| 1315770368 | 10485 | 0.0000079687 |
| 1317832704 | 10581 | 0.0000080290 |
| 1319895040 | 10579 | 0.0000080150 |
| 1321957376 | 10532 | 0.0000079669 |
| 1324019712 | 10533 | 0.0000079553 |
| 1326082048 | 10551 | 0.0000079565 |
| 1328144384 | 10555 | 0.0000079471 |
| 1330206720 | 10597 | 0.0000079664 |
| 1332269056 | 10616 | 0.0000079683 |
| 1334331392 | 10614 | 0.0000079545 |
| 1336393728 | 10628 | 0.0000079527 |
| 1338456064 | 10678 | 0.0000079778 |
| 1340518400 | 10660 | 0.0000079521 |
| 1342580736 | 10712 | 0.0000079786 |
| 1344643072 | 10745 | 0.0000079909 |
| 1346705408 | 10725 | 0.0000079638 |
| 1348767744 | 10729 | 0.0000079546 |
| 1350830080 | 10786 | 0.0000079847 |
| 1352892416 | 10770 | 0.0000079607 |
| 1354954752 | 10781 | 0.0000079567 |
| 1357017088 | 10813 | 0.0000079682 |
| 1359079424 | 10839 | 0.0000079752 |
| 1361141760 | 10826 | 0.0000079536 |
| 1363204096 | 10840 | 0.0000079518 |
| 1365266432 | 10866 | 0.0000079588 |
| 1367328768 | 10921 | 0.0000079871 |
| 1369391104 | 10945 | 0.0000079926 |
| 1371453440 | 10907 | 0.0000079528 |
| 1373515776 | 11021 | 0.0000080239 |
| 1375578112 | 10956 | 0.0000079646 |
| 1377640448 | 10959 | 0.0000079549 |
| 1379702784 | 10974 | 0.0000079538 |
| 1381765120 | 11007 | 0.0000079658 |
| 1383827456 | 11049 | 0.0000079843 |
| 1385889792 | 11036 | 0.0000079631 |
| 1387952128 | 11053 | 0.0000079635 |
| 1390014464 | 11109 | 0.0000079920 |
| 1392076800 | 11097 | 0.0000079715 |
| 1394139136 | 11106 | 0.0000079662 |
| 1396201472 | 11115 | 0.0000079608 |
| 1398263808 | 11166 | 0.0000079856 |
| 1400326144 | 11150 | 0.0000079624 |
| 1402388480 | 11166 | 0.0000079621 |
| 1404450816 | 11163 | 0.0000079483 |
| 1406513152 | 11198 | 0.0000079615 |
| 1408575488 | 11242 | 0.0000079811 |
| 1410637824 | 11214 | 0.0000079495 |
| 1412700160 | 11320 | 0.0000080130 |
| 1414762496 | 11242 | 0.0000079462 |
| 1416824832 | 11263 | 0.0000079494 |
| 1418887168 | 11377 | 0.0000080182 |
| 1420949504 | 11353 | 0.0000079897 |
| 1423011840 | 11355 | 0.0000079795 |
| 1425074176 | 11361 | 0.0000079722 |
| 1427136512 | 11528 | 0.0000080777 |
| 1429198848 | 11376 | 0.0000079597 |
| 1431261184 | 11427 | 0.0000079838 |
| 1433323520 | 11399 | 0.0000079528 |
| 1435385856 | 11438 | 0.0000079685 |
| 1437448192 | 11454 | 0.0000079682 |
| 1439510528 | 11454 | 0.0000079568 |
| 1441572864 | 11551 | 0.0000080127 |
| 1443635200 | 11491 | 0.0000079597 |
| 1445697536 | 11543 | 0.0000079843 |
| 1447759872 | 11570 | 0.0000079916 |
| 1449822208 | 11527 | 0.0000079506 |
| 1451884544 | 11577 | 0.0000079737 |
| 1453946880 | 11613 | 0.0000079872 |
| 1456009216 | 11684 | 0.0000080246 |
| 1458071552 | 11626 | 0.0000079735 |
| 1460133888 | 11611 | 0.0000079520 |
| 1462196224 | 11634 | 0.0000079565 |
| 1464258560 | 11660 | 0.0000079630 |
| 1466320896 | 11703 | 0.0000079811 |
| 1468383232 | 11666 | 0.0000079447 |
| 1470445568 | 11703 | 0.0000079588 |
| 1472507904 | 11747 | 0.0000079775 |
| 1474570240 | 11806 | 0.0000080064 |
| 1476632576 | 11761 | 0.0000079647 |
| 1478694912 | 11811 | 0.0000079874 |
| 1480757248 | 11838 | 0.0000079945 |
| 1482819584 | 11825 | 0.0000079746 |
| 1484881920 | 11811 | 0.0000079541 |
| 1486944256 | 11876 | 0.0000079868 |
| 1489006592 | 11861 | 0.0000079657 |
| 1491068928 | 11866 | 0.0000079580 |
| 1493131264 | 11905 | 0.0000079731 |
| 1495193600 | 11915 | 0.0000079688 |
| 1497255936 | 11926 | 0.0000079652 |
| 1499318272 | 11945 | 0.0000079669 |
| 1501380608 | 12014 | 0.0000080019 |
| 1503442944 | 11987 | 0.0000079730 |
| 1505505280 | 12013 | 0.0000079793 |
| 1507567616 | 12015 | 0.0000079697 |
| 1509629952 | 12014 | 0.0000079582 |
| 1511692288 | 12077 | 0.0000079890 |
| 1513754624 | 12058 | 0.0000079656 |
| 1515816960 | 12062 | 0.0000079574 |
| 1517879296 | 12079 | 0.0000079578 |
| 1519941632 | 12141 | 0.0000079878 |
| 1522003968 | 12132 | 0.0000079710 |
| 1524066304 | 12172 | 0.0000079865 |
| 1526128640 | 12218 | 0.0000080058 |
| 1528190976 | 12171 | 0.0000079643 |
| 1530253312 | 12181 | 0.0000079601 |
| 1532315648 | 12199 | 0.0000079611 |
| 1534377984 | 12253 | 0.0000079856 |
| 1536440320 | 12250 | 0.0000079729 |
| 1538502656 | 12279 | 0.0000079811 |
| 1540564992 | 12283 | 0.0000079730 |
| 1542627328 | 12295 | 0.0000079701 |
| 1544689664 | 12324 | 0.0000079783 |
| 1546752000 | 12341 | 0.0000079786 |
| 1548814336 | 12395 | 0.0000080028 |
| 1550876672 | 12422 | 0.0000080096 |
| 1552939008 | 12360 | 0.0000079591 |
| 1555001344 | 12498 | 0.0000080372 |
| 1557063680 | 12418 | 0.0000079752 |
| 1559126016 | 12466 | 0.0000079955 |
| 1561188352 | 12419 | 0.0000079548 |
| 1563250688 | 12481 | 0.0000079840 |
| 1565313024 | 12528 | 0.0000080035 |
| 1567375360 | 12578 | 0.0000080248 |
| 1569437696 | 12526 | 0.0000079812 |
| 1571500032 | 12542 | 0.0000079809 |
| 1573562368 | 12554 | 0.0000079780 |
| 1575624704 | 12580 | 0.0000079841 |
| 1577687040 | 12623 | 0.0000080009 |
| 1579749376 | 12631 | 0.0000079955 |
| 1581811712 | 12612 | 0.0000079731 |
| 1583874048 | 12630 | 0.0000079741 |
| 1585936384 | 12668 | 0.0000079877 |
| 1587998720 | 12680 | 0.0000079848 |
| 1590061056 | 12673 | 0.0000079701 |
| 1592123392 | 12683 | 0.0000079660 |
| 1594185728 | 12738 | 0.0000079902 |
| 1596248064 | 12771 | 0.0000080006 |
| 1598310400 | 12733 | 0.0000079665 |
| 1600372736 | 12804 | 0.0000080006 |
| 1602435072 | 12809 | 0.0000079934 |
| 1604497408 | 12845 | 0.0000080056 |
| 1606559744 | 12836 | 0.0000079897 |
| 1608622080 | 12905 | 0.0000080223 |
| 1610684416 | 12836 | 0.0000079692 |
| 1612746752 | 12870 | 0.0000079801 |
| 1614809088 | 12881 | 0.0000079767 |
| 1616871424 | 13006 | 0.0000080439 |
| 1618933760 | 12926 | 0.0000079842 |
| 1620996096 | 12966 | 0.0000079987 |
| 1623058432 | 12972 | 0.0000079923 |
| 1625120768 | 13076 | 0.0000080461 |
| 1627183104 | 12977 | 0.0000079751 |
| 1629245440 | 13057 | 0.0000080141 |
| 1631307776 | 13038 | 0.0000079923 |
| 1633370112 | 13083 | 0.0000080098 |
| 1635432448 | 13049 | 0.0000079789 |
| 1637494784 | 13129 | 0.0000080177 |
| 1639557120 | 13095 | 0.0000079869 |
| 1641619456 | 13111 | 0.0000079866 |
| 1643681792 | 13131 | 0.0000079887 |
| 1645744128 | 13147 | 0.0000079884 |
| 1647806464 | 13183 | 0.0000080003 |
| 1649868800 | 13222 | 0.0000080139 |
| 1651931136 | 13173 | 0.0000079743 |
| 1653993472 | 13221 | 0.0000079933 |
| 1656055808 | 13242 | 0.0000079961 |
| 1658118144 | 13251 | 0.0000079915 |
| 1660180480 | 13208 | 0.0000079557 |
| 1662242816 | 13290 | 0.0000079952 |
| 1664305152 | 13249 | 0.0000079606 |
| 1666367488 | 13295 | 0.0000079784 |
| 1668429824 | 13348 | 0.0000080003 |
| 1670492160 | 13228 | 0.0000079186 |
| 1672554496 | 13369 | 0.0000079931 |
| 1674616832 | 13385 | 0.0000079928 |
| 1676679168 | 13325 | 0.0000079472 |
| 1678741504 | 13403 | 0.0000079839 |
| 1680803840 | 13380 | 0.0000079604 |
| 1682866176 | 13408 | 0.0000079673 |
| 1684928512 | 13474 | 0.0000079967 |
| 1686990848 | 13509 | 0.0000080077 |
| 1689053184 | 13469 | 0.0000079742 |
| 1691115520 | 13506 | 0.0000079864 |
| 1693177856 | 13505 | 0.0000079761 |
| 1695240192 | 13547 | 0.0000079911 |
| 1697302528 | 13530 | 0.0000079714 |
| 1699364864 | 13559 | 0.0000079788 |
| 1701427200 | 13529 | 0.0000079515 |
| 1703489536 | 13579 | 0.0000079712 |
| 1705551872 | 13623 | 0.0000079874 |
| 1707614208 | 13616 | 0.0000079736 |
| 1709676544 | 13689 | 0.0000080067 |
| 1711738880 | 13621 | 0.0000079574 |
| 1713801216 | 13733 | 0.0000080131 |
| 1715863552 | 13778 | 0.0000080297 |
| 1717925888 | 13724 | 0.0000079887 |
| 1719988224 | 13722 | 0.0000079779 |
| 1722050560 | 13731 | 0.0000079736 |
| 1724112896 | 13772 | 0.0000079878 |
| 1726175232 | 13787 | 0.0000079870 |
| 1728237568 | 13785 | 0.0000079763 |
| 1730299904 | 13799 | 0.0000079749 |
| 1732362240 | 13824 | 0.0000079798 |
| 1734424576 | 13875 | 0.0000079997 |
| 1736486912 | 13871 | 0.0000079879 |
| 1738549248 | 13854 | 0.0000079687 |
| 1740611584 | 13922 | 0.0000079983 |
| 1742673920 | 13871 | 0.0000079596 |
| 1744736256 | 13933 | 0.0000079857 |
| 1746798592 | 13984 | 0.0000080055 |
| 1748860928 | 13928 | 0.0000079640 |
| 1750923264 | 13980 | 0.0000079843 |
| 1752985600 | 14008 | 0.0000079909 |
| 1755047936 | 14019 | 0.0000079878 |
| 1757110272 | 14039 | 0.0000079898 |
| 1759172608 | 14095 | 0.0000080122 |
| 1761234944 | 14057 | 0.0000079813 |
| 1763297280 | 14105 | 0.0000079992 |
| 1765359616 | 14096 | 0.0000079847 |
| 1767421952 | 14096 | 0.0000079754 |
| 1769484288 | 14178 | 0.0000080125 |
| 1771546624 | 14158 | 0.0000079918 |
| 1773608960 | 14143 | 0.0000079741 |
| 1775671296 | 14152 | 0.0000079699 |
| 1777733632 | 14183 | 0.0000079781 |
| 1779795968 | 14188 | 0.0000079717 |
| 1781858304 | 14220 | 0.0000079804 |
| 1783920640 | 14231 | 0.0000079773 |
| 1785982976 | 14273 | 0.0000079916 |
| 1788045312 | 14328 | 0.0000080132 |
| 1790107648 | 14365 | 0.0000080246 |
| 1792169984 | 14293 | 0.0000079752 |
| 1794232320 | 14321 | 0.0000079816 |
| 1796294656 | 14476 | 0.0000080588 |
| 1798356992 | 14352 | 0.0000079806 |
| 1800419328 | 14330 | 0.0000079592 |
| 1802481664 | 14423 | 0.0000080017 |
| 1804544000 | 14447 | 0.0000080059 |
| 1806606336 | 14456 | 0.0000080017 |
| 1808668672 | 14445 | 0.0000079865 |
| 1810731008 | 14510 | 0.0000080133 |
| 1812793344 | 14599 | 0.0000080533 |
| 1814855680 | 14475 | 0.0000079758 |
| 1816918016 | 14534 | 0.0000079992 |
| 1818980352 | 14527 | 0.0000079863 |
| 1821042688 | 14545 | 0.0000079871 |
| 1823105024 | 14565 | 0.0000079891 |
| 1825167360 | 14606 | 0.0000080025 |
| 1827229696 | 14630 | 0.0000080066 |
| 1829292032 | 14630 | 0.0000079976 |
| 1831354368 | 14748 | 0.0000080530 |
| 1833416704 | 14652 | 0.0000079916 |
| 1835479040 | 14733 | 0.0000080267 |
| 1837541376 | 14697 | 0.0000079981 |
| 1839603712 | 14696 | 0.0000079886 |
| 1841666048 | 14716 | 0.0000079905 |
| 1843728384 | 14718 | 0.0000079827 |
| 1845790720 | 14838 | 0.0000080388 |
| 1847853056 | 14762 | 0.0000079887 |
| 1849915392 | 14837 | 0.0000080203 |
| 1851977728 | 14879 | 0.0000080341 |
| 1854040064 | 14829 | 0.0000079982 |
| 1856102400 | 14886 | 0.0000080200 |
| 1858164736 | 14861 | 0.0000079976 |
| 1860227072 | 14902 | 0.0000080108 |
| 1862289408 | 14935 | 0.0000080196 |
| 1864351744 | 14925 | 0.0000080054 |
| 1866414080 | 14910 | 0.0000079885 |
| 1868476416 | 14985 | 0.0000080199 |
| 1870538752 | 14963 | 0.0000079992 |
| 1872601088 | 14992 | 0.0000080059 |
| 1874663424 | 15001 | 0.0000080019 |
| 1876725760 | 14995 | 0.0000079899 |
| 1878788096 | 15122 | 0.0000080488 |
| 1880850432 | 15036 | 0.0000079942 |
| 1882912768 | 15103 | 0.0000080210 |
| 1884975104 | 15085 | 0.0000080027 |
| 1887037440 | 15133 | 0.0000080194 |
| 1889099776 | 15117 | 0.0000080022 |
| 1891162112 | 15123 | 0.0000079966 |
| 1893224448 | 15152 | 0.0000080032 |
| 1895286784 | 15174 | 0.0000080061 |
| 1897349120 | 15165 | 0.0000079927 |
| 1899411456 | 15204 | 0.0000080045 |
| 1901473792 | 15264 | 0.0000080274 |
| 1903536128 | 15239 | 0.0000080056 |
| 1905598464 | 15143 | 0.0000079465 |
| 1907660800 | 15313 | 0.0000080271 |
| 1909723136 | 15456 | 0.0000080933 |
| 1911785472 | 15298 | 0.0000080019 |
| 1913847808 | 15418 | 0.0000080560 |
| 1915910144 | 15346 | 0.0000080097 |
| 1917972480 | 15404 | 0.0000080313 |
| 1920034816 | 15395 | 0.0000080180 |
| 1922097152 | 15379 | 0.0000080011 |
| 1924159488 | 15451 | 0.0000080299 |
| 1926221824 | 15410 | 0.0000080001 |
| 1928284160 | 15427 | 0.0000080003 |
| 1930346496 | 15478 | 0.0000080182 |
| 1932408832 | 15470 | 0.0000080055 |
| 1934471168 | 15576 | 0.0000080518 |
| 1936533504 | 15558 | 0.0000080339 |
| 1938595840 | 15559 | 0.0000080259 |
| 1940658176 | 15558 | 0.0000080168 |
| 1942720512 | 15551 | 0.0000080047 |
| 1944782848 | 15554 | 0.0000079978 |
| 1946845184 | 15599 | 0.0000080124 |
| 1948907520 | 15661 | 0.0000080357 |
| 1950969856 | 15612 | 0.0000080021 |
| 1953032192 | 15627 | 0.0000080014 |
| 1955094528 | 15731 | 0.0000080461 |
| 1957156864 | 15686 | 0.0000080146 |
| 1959219200 | 15664 | 0.0000079950 |
| 1961281536 | 15776 | 0.0000080437 |
| 1963343872 | 15756 | 0.0000080250 |
| 1965406208 | 15755 | 0.0000080161 |
| 1967468544 | 15796 | 0.0000080285 |
| 1969530880 | 15804 | 0.0000080242 |
| 1971593216 | 15785 | 0.0000080062 |
| 1973655552 | 15795 | 0.0000080029 |
| 1975717888 | 15858 | 0.0000080264 |
| 1977780224 | 15915 | 0.0000080469 |
| 1979842560 | 15857 | 0.0000080092 |
| 1981904896 | 15940 | 0.0000080427 |
| 1983967232 | 15899 | 0.0000080137 |
| 1986029568 | 16043 | 0.0000080779 |
| 1988091904 | 15885 | 0.0000079900 |
| 1990154240 | 15951 | 0.0000080149 |
| 1992216576 | 16032 | 0.0000080473 |
| 1994278912 | 15966 | 0.0000080059 |
| 1996341248 | 16099 | 0.0000080642 |
| 1998403584 | 16109 | 0.0000080609 |
| 2000465920 | 16070 | 0.0000080331 |
| 2002528256 | 16092 | 0.0000080358 |
| 2004590592 | 16059 | 0.0000080111 |
| 2006652928 | 16117 | 0.0000080317 |
| 2008715264 | 16085 | 0.0000080076 |
| 2010777600 | 16127 | 0.0000080202 |
| 2012839936 | 16183 | 0.0000080398 |
| 2014902272 | 16192 | 0.0000080361 |
| 2016964608 | 16171 | 0.0000080174 |
| 2019026944 | 16222 | 0.0000080345 |
| 2021089280 | 16211 | 0.0000080209 |
| 2023151616 | 16337 | 0.0000080750 |
| 2025213952 | 16319 | 0.0000080579 |
| 2027276288 | 16259 | 0.0000080201 |
| 2029338624 | 16330 | 0.0000080469 |
| 2031400960 | 16186 | 0.0000079679 |
| 2033463296 | 16390 | 0.0000080601 |
| 2035525632 | 16413 | 0.0000080632 |
| 2037587968 | 16295 | 0.0000079972 |
| 2039650304 | 16399 | 0.0000080401 |
| 2041712640 | 16409 | 0.0000080368 |
| 2043774976 | 16434 | 0.0000080410 |
| 2045837312 | 16419 | 0.0000080255 |
| 2047899648 | 16451 | 0.0000080331 |
| 2049961984 | 16445 | 0.0000080220 |
| 2052024320 | 16474 | 0.0000080281 |
| 2054086656 | 16526 | 0.0000080454 |
| 2056148992 | 16507 | 0.0000080281 |
| 2058211328 | 16555 | 0.0000080433 |
| 2060273664 | 16550 | 0.0000080329 |
| 2062336000 | 16624 | 0.0000080607 |
| 2064398336 | 16548 | 0.0000080158 |
| 2066460672 | 16567 | 0.0000080170 |
| 2068523008 | 16629 | 0.0000080390 |
| 2070585344 | 16639 | 0.0000080358 |
| 2072647680 | 16808 | 0.0000081094 |
| 2074710016 | 16702 | 0.0000080502 |
| 2076772352 | 16697 | 0.0000080398 |
| 2078834688 | 16718 | 0.0000080420 |
| 2080897024 | 16689 | 0.0000080200 |
| 2082959360 | 16685 | 0.0000080102 |
| 2085021696 | 16717 | 0.0000080176 |
| 2087084032 | 16716 | 0.0000080092 |
| 2089146368 | 16720 | 0.0000080032 |
| 2091208704 | 16740 | 0.0000080049 |
| 2093271040 | 16764 | 0.0000080085 |
| 2095333376 | 16809 | 0.0000080221 |
| 2097395712 | 16832 | 0.0000080251 |
| 2099458048 | 16796 | 0.0000080001 |
| 2101520384 | 16788 | 0.0000079885 |
| 2103582720 | 16900 | 0.0000080339 |
| 2105645056 | 16836 | 0.0000079956 |
| 2107707392 | 16916 | 0.0000080257 |
| 2109769728 | 16877 | 0.0000079994 |
| 2111832064 | 16892 | 0.0000079987 |
+------------+-------+--------------+
Rough Weight: 0.0000080259
      Weight: 0.0000079427
