$ java -Xms3303m -Xmx3303m -jar teiid-sizing-jar.jar deserialization 100 1024 0.75 true true
Prepare deserialization data
100% finished
Insert 409600 rows, size 100MB, spend 60055 milliseconds
Collect deserialization (size, time) tuples
100% finished
Collect 1024 tuples, spend 454860 milliseconds, garbage collection spend 49099, garbage collection count 2048
Calculating linear regression weight
+----------+------+--------------+
|   SIZE   | TIME |    WEIGHT    |
+----------+------+--------------+
| 102400   |   14 | 0.0001367187 |
| 204800   |   17 | 0.0000830078 |
| 307200   |   17 | 0.0000553385 |
| 409600   |    9 | 0.0000219726 |
| 512000   |   12 | 0.0000234375 |
| 614400   |   14 | 0.0000227864 |
| 716800   |    9 | 0.0000125558 |
| 819200   |   10 | 0.0000122070 |
| 921600   |   14 | 0.0000151909 |
| 1024000  |   19 | 0.0000185546 |
| 1126400  |   18 | 0.0000159801 |
| 1228800  |   19 | 0.0000154622 |
| 1331200  |   20 | 0.0000150240 |
| 1433600  |   20 | 0.0000139508 |
| 1536000  |   22 | 0.0000143229 |
| 1638400  |   22 | 0.0000134277 |
| 1740800  |   24 | 0.0000137867 |
| 1843200  |   22 | 0.0000119357 |
| 1945600  |   14 | 0.0000071957 |
| 2048000  |   15 | 0.0000073242 |
| 2150400  |   16 | 0.0000074404 |
| 2252800  |   24 | 0.0000106534 |
| 2355200  |   22 | 0.0000093410 |
| 2457600  |   26 | 0.0000105794 |
| 2560000  |   23 | 0.0000089843 |
| 2662400  |   44 | 0.0000165264 |
| 2764800  |   28 | 0.0000101273 |
| 2867200  |   44 | 0.0000153459 |
| 2969600  |   28 | 0.0000094288 |
| 3072000  |   26 | 0.0000084635 |
| 3174400  |   28 | 0.0000088205 |
| 3276800  |   30 | 0.0000091552 |
| 3379200  |   27 | 0.0000079900 |
| 3481600  |   30 | 0.0000086167 |
| 3584000  |   30 | 0.0000083705 |
| 3686400  |   31 | 0.0000084092 |
| 3788800  |   30 | 0.0000079180 |
| 3891200  |   30 | 0.0000077097 |
| 3993600  |   34 | 0.0000085136 |
| 4096000  |   36 | 0.0000087890 |
| 4198400  |   36 | 0.0000085746 |
| 4300800  |   34 | 0.0000079055 |
| 4403200  |   34 | 0.0000077216 |
| 4505600  |   34 | 0.0000075461 |
| 4608000  |   37 | 0.0000080295 |
| 4710400  |   36 | 0.0000076426 |
| 4812800  |   37 | 0.0000076878 |
| 4915200  |   38 | 0.0000077311 |
| 5017600  |   39 | 0.0000077726 |
| 5120000  |   39 | 0.0000076171 |
| 5222400  |   39 | 0.0000074678 |
| 5324800  |   41 | 0.0000076998 |
| 5427200  |   49 | 0.0000090285 |
| 5529600  |   43 | 0.0000077763 |
| 5632000  |   42 | 0.0000074573 |
| 5734400  |   43 | 0.0000074986 |
| 5836800  |   46 | 0.0000078810 |
| 5939200  |   50 | 0.0000084186 |
| 6041600  |   47 | 0.0000077793 |
| 6144000  |   46 | 0.0000074869 |
| 6246400  |   46 | 0.0000073642 |
| 6348800  |   48 | 0.0000075604 |
| 6451200  |   48 | 0.0000074404 |
| 6553600  |   50 | 0.0000076293 |
| 6656000  |   51 | 0.0000076622 |
| 6758400  |   51 | 0.0000075461 |
| 6860800  |   50 | 0.0000072877 |
| 6963200  |   51 | 0.0000073242 |
| 7065600  |   62 | 0.0000087749 |
| 7168000  |   62 | 0.0000086495 |
| 7270400  |   54 | 0.0000074273 |
| 7372800  |   66 | 0.0000089518 |
| 7475200  |   58 | 0.0000077589 |
| 7577600  |   56 | 0.0000073902 |
| 7680000  |   58 | 0.0000075520 |
| 7782400  |   59 | 0.0000075812 |
| 7884800  |   59 | 0.0000074827 |
| 7987200  |   60 | 0.0000075120 |
| 8089600  |   62 | 0.0000076641 |
| 8192000  |   61 | 0.0000074462 |
| 8294400  |   60 | 0.0000072337 |
| 8396800  |   62 | 0.0000073837 |
| 8499200  |   62 | 0.0000072948 |
| 8601600  |   63 | 0.0000073242 |
| 8704000  |   64 | 0.0000073529 |
| 8806400  |   64 | 0.0000072674 |
| 8908800  |   72 | 0.0000080818 |
| 9011200  |   66 | 0.0000073242 |
| 9113600  |   67 | 0.0000073516 |
| 9216000  |   68 | 0.0000073784 |
| 9318400  |   67 | 0.0000071900 |
| 9420800  |   69 | 0.0000073242 |
| 9523200  |   69 | 0.0000072454 |
| 9625600  |   70 | 0.0000072722 |
| 9728000  |   72 | 0.0000074013 |
| 9830400  |   73 | 0.0000074259 |
| 9932800  |   74 | 0.0000074500 |
| 10035200 |   74 | 0.0000073740 |
| 10137600 |   75 | 0.0000073982 |
| 10240000 |   75 | 0.0000073242 |
| 10342400 |   76 | 0.0000073483 |
| 10444800 |   76 | 0.0000072763 |
| 10547200 |   77 | 0.0000073005 |
| 10649600 |   79 | 0.0000074181 |
| 10752000 |   88 | 0.0000081845 |
| 10854400 |   80 | 0.0000073702 |
| 10956800 |   82 | 0.0000074839 |
| 11059200 |   82 | 0.0000074146 |
| 11161600 |   87 | 0.0000077945 |
| 11264000 |   84 | 0.0000074573 |
| 11366400 |   83 | 0.0000073022 |
| 11468800 |  112 | 0.0000097656 |
| 11571200 |   86 | 0.0000074322 |
| 11673600 |   87 | 0.0000074527 |
| 11776000 |   86 | 0.0000073029 |
| 11878400 |   88 | 0.0000074084 |
| 11980800 |   89 | 0.0000074285 |
| 12083200 |   89 | 0.0000073655 |
| 12185600 |   89 | 0.0000073037 |
| 12288000 |   89 | 0.0000072428 |
| 12390400 |   91 | 0.0000073443 |
| 12492800 |  102 | 0.0000081647 |
| 12595200 |   92 | 0.0000073043 |
| 12697600 |   94 | 0.0000074029 |
| 12800000 |   98 | 0.0000076562 |
| 12902400 |   95 | 0.0000073629 |
| 13004800 |   96 | 0.0000073818 |
| 13107200 |   96 | 0.0000073242 |
| 13209600 |   97 | 0.0000073431 |
| 13312000 |   97 | 0.0000072866 |
| 13414400 |   99 | 0.0000073801 |
| 13516800 |   98 | 0.0000072502 |
| 13619200 |  100 | 0.0000073425 |
| 13721600 |  103 | 0.0000075064 |
| 13824000 |  100 | 0.0000072337 |
| 13926400 |  102 | 0.0000073242 |
| 14028800 |  107 | 0.0000076271 |
| 14131200 |  104 | 0.0000073596 |
| 14233600 |  104 | 0.0000073066 |
| 14336000 |  105 | 0.0000073242 |
| 14438400 |  105 | 0.0000072722 |
| 14540800 |  107 | 0.0000073586 |
| 14643200 |  108 | 0.0000073754 |
| 14745600 |  109 | 0.0000073920 |
| 14848000 |  108 | 0.0000072737 |
| 14950400 |  109 | 0.0000072907 |
| 15052800 |  115 | 0.0000076397 |
| 15155200 |  111 | 0.0000073242 |
| 15257600 |  111 | 0.0000072750 |
| 15360000 |  112 | 0.0000072916 |
| 15462400 |  114 | 0.0000073727 |
| 15564800 |  114 | 0.0000073242 |
| 15667200 |  114 | 0.0000072763 |
| 15769600 |  125 | 0.0000079266 |
| 15872000 |  116 | 0.0000073084 |
| 15974400 |  116 | 0.0000072616 |
| 16076800 |  117 | 0.0000072775 |
| 16179200 |  118 | 0.0000072933 |
| 16281600 |  118 | 0.0000072474 |
| 16384000 |  121 | 0.0000073852 |
| 16486400 |  120 | 0.0000072787 |
| 16588800 |  121 | 0.0000072940 |
| 16691200 |  121 | 0.0000072493 |
| 16793600 |  121 | 0.0000072051 |
| 16896000 |  122 | 0.0000072206 |
| 16998400 |  123 | 0.0000072359 |
| 17100800 |  124 | 0.0000072511 |
| 17203200 |  125 | 0.0000072660 |
| 17305600 |  125 | 0.0000072230 |
| 17408000 |  129 | 0.0000074103 |
| 17510400 |  128 | 0.0000073099 |
| 17612800 |  128 | 0.0000072674 |
| 17715200 |  128 | 0.0000072254 |
| 17817600 |  130 | 0.0000072961 |
| 17920000 |  134 | 0.0000074776 |
| 18022400 |  151 | 0.0000083784 |
| 18124800 |  137 | 0.0000075587 |
| 18227200 |  132 | 0.0000072419 |
| 18329600 |  133 | 0.0000072560 |
| 18432000 |  134 | 0.0000072699 |
| 18534400 |  134 | 0.0000072297 |
| 18636800 |  135 | 0.0000072437 |
| 18739200 |  136 | 0.0000072575 |
| 18841600 |  138 | 0.0000073242 |
| 18944000 |  137 | 0.0000072318 |
| 19046400 |  139 | 0.0000072979 |
| 19148800 |  139 | 0.0000072589 |
| 19251200 |  140 | 0.0000072722 |
| 19353600 |  142 | 0.0000073371 |
| 19456000 |  142 | 0.0000072985 |
| 19558400 |  144 | 0.0000073625 |
| 19660800 |  165 | 0.0000083923 |
| 19763200 |  148 | 0.0000074886 |
| 19865600 |  145 | 0.0000072990 |
| 19968000 |  146 | 0.0000073116 |
| 20070400 |  146 | 0.0000072743 |
| 20172800 |  148 | 0.0000073366 |
| 20275200 |  147 | 0.0000072502 |
| 20377600 |  148 | 0.0000072628 |
| 20480000 |  148 | 0.0000072265 |
| 20582400 |  149 | 0.0000072391 |
| 20684800 |  157 | 0.0000075901 |
| 20787200 |  152 | 0.0000073121 |
| 20889600 |  151 | 0.0000072284 |
| 20992000 |  152 | 0.0000072408 |
| 21094400 |  153 | 0.0000072531 |
| 21196800 |  156 | 0.0000073596 |
| 21299200 |  156 | 0.0000073242 |
| 21401600 |  155 | 0.0000072424 |
| 21504000 |  155 | 0.0000072079 |
| 21606400 |  158 | 0.0000073126 |
| 21708800 |  159 | 0.0000073242 |
| 21811200 |  187 | 0.0000085735 |
| 21913600 |  159 | 0.0000072557 |
| 22016000 |  161 | 0.0000073128 |
| 22118400 |  162 | 0.0000073242 |
| 22220800 |  163 | 0.0000073354 |
| 22323200 |  162 | 0.0000072570 |
| 22425600 |  164 | 0.0000073130 |
| 22528000 |  165 | 0.0000073242 |
| 22630400 |  164 | 0.0000072468 |
| 22732800 |  165 | 0.0000072582 |
| 22835200 |  185 | 0.0000081015 |
| 22937600 |  166 | 0.0000072370 |
| 23040000 |  167 | 0.0000072482 |
| 23142400 |  175 | 0.0000075618 |
| 23244800 |  169 | 0.0000072704 |
| 23347200 |  170 | 0.0000072813 |
| 23449600 |  171 | 0.0000072922 |
| 23552000 |  172 | 0.0000073029 |
| 23654400 |  176 | 0.0000074404 |
| 23756800 |  174 | 0.0000073242 |
| 23859200 |  173 | 0.0000072508 |
| 23961600 |  174 | 0.0000072616 |
| 24064000 |  176 | 0.0000073138 |
| 24166400 |  176 | 0.0000072828 |
| 24268800 |  179 | 0.0000073757 |
| 24371200 |  179 | 0.0000073447 |
| 24473600 |  178 | 0.0000072731 |
| 24576000 |  179 | 0.0000072835 |
| 24678400 |  180 | 0.0000072938 |
| 24780800 |  182 | 0.0000073443 |
| 24883200 |  181 | 0.0000072739 |
| 24985600 |  183 | 0.0000073242 |
| 25088000 |  183 | 0.0000072943 |
| 25190400 |  185 | 0.0000073440 |
| 25292800 |  185 | 0.0000073143 |
| 25395200 |  187 | 0.0000073635 |
| 25497600 |  186 | 0.0000072948 |
| 25600000 |  188 | 0.0000073437 |
| 25702400 |  187 | 0.0000072755 |
| 25804800 |  190 | 0.0000073629 |
| 25907200 |  190 | 0.0000073338 |
| 26009600 |  192 | 0.0000073818 |
| 26112000 |  191 | 0.0000073146 |
| 26214400 |  194 | 0.0000074005 |
| 26316800 |  193 | 0.0000073337 |
| 26419200 |  203 | 0.0000076838 |
| 26521600 |  197 | 0.0000074279 |
| 26624000 |  195 | 0.0000073242 |
| 26726400 |  196 | 0.0000073335 |
| 26828800 |  197 | 0.0000073428 |
| 26931200 |  206 | 0.0000076491 |
| 27033600 |  200 | 0.0000073982 |
| 27136000 |  200 | 0.0000073702 |
| 27238400 |  199 | 0.0000073058 |
| 27340800 |  200 | 0.0000073150 |
| 27443200 |  202 | 0.0000073606 |
| 27545600 |  201 | 0.0000072969 |
| 27648000 |  204 | 0.0000073784 |
| 27750400 |  204 | 0.0000073512 |
| 27852800 |  205 | 0.0000073601 |
| 27955200 |  204 | 0.0000072973 |
| 28057600 |  207 | 0.0000073776 |
| 28160000 |  206 | 0.0000073153 |
| 28262400 |  208 | 0.0000073596 |
| 28364800 |  209 | 0.0000073682 |
| 28467200 |  209 | 0.0000073417 |
| 28569600 |  214 | 0.0000074904 |
| 28672000 |  216 | 0.0000075334 |
| 28774400 |  213 | 0.0000074024 |
| 28876800 |  213 | 0.0000073761 |
| 28979200 |  213 | 0.0000073500 |
| 29081600 |  214 | 0.0000073586 |
| 29184000 |  215 | 0.0000073670 |
| 29286400 |  216 | 0.0000073754 |
| 29388800 |  222 | 0.0000075538 |
| 29491200 |  216 | 0.0000073242 |
| 29593600 |  218 | 0.0000073664 |
| 29696000 |  218 | 0.0000073410 |
| 29798400 |  222 | 0.0000074500 |
| 29900800 |  219 | 0.0000073242 |
| 30003200 |  221 | 0.0000073658 |
| 30105600 |  222 | 0.0000073740 |
| 30208000 |  224 | 0.0000074152 |
| 30310400 |  223 | 0.0000073572 |
| 30412800 |  225 | 0.0000073982 |
| 30515200 |  225 | 0.0000073733 |
| 30617600 |  226 | 0.0000073813 |
| 30720000 |  226 | 0.0000073567 |
| 30822400 |  228 | 0.0000073972 |
| 30924800 |  228 | 0.0000073727 |
| 31027200 |  228 | 0.0000073483 |
| 31129600 |  229 | 0.0000073563 |
| 31232000 |  231 | 0.0000073962 |
| 31334400 |  231 | 0.0000073720 |
| 31436800 |  235 | 0.0000074753 |
| 31539200 |  233 | 0.0000073876 |
| 31641600 |  236 | 0.0000074585 |
| 31744000 |  235 | 0.0000074029 |
| 31846400 |  235 | 0.0000073791 |
| 31948800 |  237 | 0.0000074181 |
| 32051200 |  237 | 0.0000073944 |
| 32153600 |  238 | 0.0000074019 |
| 32256000 |  238 | 0.0000073784 |
| 32358400 |  239 | 0.0000073860 |
| 32460800 |  240 | 0.0000073935 |
| 32563200 |  242 | 0.0000074317 |
| 32665600 |  243 | 0.0000074390 |
| 32768000 |  245 | 0.0000074768 |
| 32870400 |  245 | 0.0000074535 |
| 32972800 |  245 | 0.0000074303 |
| 33075200 |  245 | 0.0000074073 |
| 33177600 |  245 | 0.0000073845 |
| 33280000 |  245 | 0.0000073617 |
| 33382400 |  247 | 0.0000073991 |
| 33484800 |  249 | 0.0000074362 |
| 33587200 |  249 | 0.0000074135 |
| 33689600 |  254 | 0.0000075394 |
| 33792000 |  250 | 0.0000073982 |
| 33894400 |  251 | 0.0000074053 |
| 33996800 |  254 | 0.0000074712 |
| 34099200 |  256 | 0.0000075075 |
| 34201600 |  255 | 0.0000074557 |
| 34304000 |  254 | 0.0000074043 |
| 34406400 |  257 | 0.0000074695 |
| 34508800 |  255 | 0.0000073894 |
| 34611200 |  256 | 0.0000073964 |
| 34713600 |  257 | 0.0000074034 |
| 34816000 |  265 | 0.0000076114 |
| 34918400 |  261 | 0.0000074745 |
| 35020800 |  261 | 0.0000074527 |
| 35123200 |  261 | 0.0000074309 |
| 35225600 |  262 | 0.0000074377 |
| 35328000 |  265 | 0.0000075011 |
| 35430400 |  265 | 0.0000074794 |
| 35532800 |  265 | 0.0000074578 |
| 35635200 |  265 | 0.0000074364 |
| 35737600 |  265 | 0.0000074151 |
| 35840000 |  267 | 0.0000074497 |
| 35942400 |  266 | 0.0000074007 |
| 36044800 |  269 | 0.0000074629 |
| 36147200 |  271 | 0.0000074971 |
| 36249600 |  274 | 0.0000075587 |
| 36352000 |  270 | 0.0000074273 |
| 36454400 |  272 | 0.0000074613 |
| 36556800 |  271 | 0.0000074131 |
| 36659200 |  273 | 0.0000074469 |
| 36761600 |  274 | 0.0000074534 |
| 36864000 |  276 | 0.0000074869 |
| 36966400 |  275 | 0.0000074391 |
| 37068800 |  278 | 0.0000074995 |
| 37171200 |  277 | 0.0000074520 |
| 37273600 |  279 | 0.0000074851 |
| 37376000 |  278 | 0.0000074379 |
| 37478400 |  279 | 0.0000074442 |
| 37580800 |  281 | 0.0000074772 |
| 37683200 |  280 | 0.0000074303 |
| 37785600 |  283 | 0.0000074896 |
| 37888000 |  282 | 0.0000074429 |
| 37990400 |  285 | 0.0000075018 |
| 38092800 |  286 | 0.0000075079 |
| 38195200 |  289 | 0.0000075663 |
| 38297600 |  285 | 0.0000074417 |
| 38400000 |  286 | 0.0000074479 |
| 38502400 |  292 | 0.0000075839 |
| 38604800 |  288 | 0.0000074602 |
| 38707200 |  288 | 0.0000074404 |
| 38809600 |  289 | 0.0000074466 |
| 38912000 |  291 | 0.0000074784 |
| 39014400 |  292 | 0.0000074844 |
| 39116800 |  298 | 0.0000076182 |
| 39219200 |  300 | 0.0000076493 |
| 39321600 |  294 | 0.0000074768 |
| 39424000 |  294 | 0.0000074573 |
| 39526400 |  295 | 0.0000074633 |
| 39628800 |  296 | 0.0000074693 |
| 39731200 |  296 | 0.0000074500 |
| 39833600 |  296 | 0.0000074309 |
| 39936000 |  297 | 0.0000074368 |
| 40038400 |  298 | 0.0000074428 |
| 40140800 |  299 | 0.0000074487 |
| 40243200 |  302 | 0.0000075043 |
| 40345600 |  301 | 0.0000074605 |
| 40448000 |  301 | 0.0000074416 |
| 40550400 |  301 | 0.0000074228 |
| 40652800 |  303 | 0.0000074533 |
| 40755200 |  304 | 0.0000074591 |
| 40857600 |  305 | 0.0000074649 |
| 40960000 |  305 | 0.0000074462 |
| 41062400 |  308 | 0.0000075007 |
| 41164800 |  309 | 0.0000075064 |
| 41267200 |  310 | 0.0000075120 |
| 41369600 |  310 | 0.0000074934 |
| 41472000 |  311 | 0.0000074990 |
| 41574400 |  329 | 0.0000079135 |
| 41676800 |  312 | 0.0000074861 |
| 41779200 |  312 | 0.0000074678 |
| 41881600 |  313 | 0.0000074734 |
| 41984000 |  313 | 0.0000074552 |
| 42086400 |  313 | 0.0000074370 |
| 42188800 |  314 | 0.0000074427 |
| 42291200 |  317 | 0.0000074956 |
| 42393600 |  318 | 0.0000075011 |
| 42496000 |  319 | 0.0000075065 |
| 42598400 |  319 | 0.0000074885 |
| 42700800 |  319 | 0.0000074705 |
| 42803200 |  321 | 0.0000074994 |
| 42905600 |  321 | 0.0000074815 |
| 43008000 |  326 | 0.0000075799 |
| 43110400 |  321 | 0.0000074459 |
| 43212800 |  323 | 0.0000074746 |
| 43315200 |  324 | 0.0000074800 |
| 43417600 |  326 | 0.0000075084 |
| 43520000 |  326 | 0.0000074908 |
| 43622400 |  328 | 0.0000075190 |
| 43724800 |  324 | 0.0000074099 |
| 43827200 |  328 | 0.0000074839 |
| 43929600 |  329 | 0.0000074892 |
| 44032000 |  329 | 0.0000074718 |
| 44134400 |  332 | 0.0000075224 |
| 44236800 |  329 | 0.0000074372 |
| 44339200 |  332 | 0.0000074877 |
| 44441600 |  333 | 0.0000074929 |
| 44544000 |  335 | 0.0000075206 |
| 44646400 |  334 | 0.0000074810 |
| 44748800 |  335 | 0.0000074862 |
| 44851200 |  336 | 0.0000074914 |
| 44953600 |  336 | 0.0000074743 |
| 45056000 |  338 | 0.0000075017 |
| 45158400 |  337 | 0.0000074626 |
| 45260800 |  338 | 0.0000074678 |
| 45363200 |  340 | 0.0000074950 |
| 45465600 |  344 | 0.0000075661 |
| 45568000 |  340 | 0.0000074613 |
| 45670400 |  341 | 0.0000074665 |
| 45772800 |  345 | 0.0000075372 |
| 45875200 |  356 | 0.0000077601 |
| 45977600 |  344 | 0.0000074819 |
| 46080000 |  346 | 0.0000075086 |
| 46182400 |  346 | 0.0000074920 |
| 46284800 |  344 | 0.0000074322 |
| 46387200 |  348 | 0.0000075020 |
| 46489600 |  348 | 0.0000074855 |
| 46592000 |  348 | 0.0000074690 |
| 46694400 |  351 | 0.0000075169 |
| 46796800 |  350 | 0.0000074791 |
| 46899200 |  351 | 0.0000074841 |
| 47001600 |  358 | 0.0000076167 |
| 47104000 |  353 | 0.0000074940 |
| 47206400 |  355 | 0.0000075201 |
| 47308800 |  355 | 0.0000075038 |
| 47411200 |  356 | 0.0000075087 |
| 47513600 |  358 | 0.0000075346 |
| 47616000 |  357 | 0.0000074974 |
| 47718400 |  364 | 0.0000076280 |
| 47820800 |  359 | 0.0000075071 |
| 47923200 |  360 | 0.0000075120 |
| 48025600 |  408 | 0.0000084954 |
| 48128000 |  381 | 0.0000079163 |
| 48230400 |  362 | 0.0000075056 |
| 48332800 |  362 | 0.0000074897 |
| 48435200 |  375 | 0.0000077423 |
| 48537600 |  366 | 0.0000075405 |
| 48640000 |  364 | 0.0000074835 |
| 48742400 |  368 | 0.0000075498 |
| 48844800 |  367 | 0.0000075135 |
| 48947200 |  368 | 0.0000075183 |
| 49049600 |  368 | 0.0000075026 |
| 49152000 |  369 | 0.0000075073 |
| 49254400 |  369 | 0.0000074917 |
| 49356800 |  372 | 0.0000075369 |
| 49459200 |  371 | 0.0000075011 |
| 49561600 |  372 | 0.0000075058 |
| 49664000 |  373 | 0.0000075104 |
| 49766400 |  373 | 0.0000074950 |
| 49868800 |  375 | 0.0000075197 |
| 49971200 |  376 | 0.0000075243 |
| 50073600 |  378 | 0.0000075488 |
| 50176000 |  381 | 0.0000075932 |
| 50278400 |  377 | 0.0000074982 |
| 50380800 |  378 | 0.0000075028 |
| 50483200 |  381 | 0.0000075470 |
| 50585600 |  380 | 0.0000075120 |
| 50688000 |  381 | 0.0000075165 |
| 50790400 |  382 | 0.0000075211 |
| 50892800 |  381 | 0.0000074863 |
| 50995200 |  383 | 0.0000075105 |
| 51097600 |  384 | 0.0000075150 |
| 51200000 |  387 | 0.0000075585 |
| 51302400  |  385 | 0.0000075045 |
| 51404800  |  388 | 0.0000075479 |
| 51507200  |  386 | 0.0000074940 |
| 51609600  |  388 | 0.0000075179 |
| 51712000  |  388 | 0.0000075030 |
| 51814400  |  390 | 0.0000075268 |
| 51916800  |  390 | 0.0000075120 |
| 52019200  |  391 | 0.0000075164 |
| 52121600  |  394 | 0.0000075592 |
| 52224000  |  393 | 0.0000075252 |
| 52326400  |  399 | 0.0000076252 |
| 52428800  |  394 | 0.0000075149 |
| 52531200  |  395 | 0.0000075193 |
| 52633600  |  398 | 0.0000075617 |
| 52736000  |  399 | 0.0000075659 |
| 52838400  |  394 | 0.0000074566 |
| 52940800  |  401 | 0.0000075744 |
| 53043200  |  398 | 0.0000075033 |
| 53145600  |  400 | 0.0000075264 |
| 53248000  |  401 | 0.0000075307 |
| 53350400  |  402 | 0.0000075350 |
| 53452800  |  401 | 0.0000075019 |
| 53555200  |  403 | 0.0000075249 |
| 53657600  |  403 | 0.0000075105 |
| 53760000  |  405 | 0.0000075334 |
| 53862400  |  406 | 0.0000075377 |
| 53964800  |  406 | 0.0000075234 |
| 54067200  |  407 | 0.0000075276 |
| 54169600  |  409 | 0.0000075503 |
| 54272000  |  408 | 0.0000075176 |
| 54374400  |  415 | 0.0000076322 |
| 54476800  |  412 | 0.0000075628 |
| 54579200  |  410 | 0.0000075120 |
| 54681600  |  411 | 0.0000075162 |
| 54784000  |  423 | 0.0000077212 |
| 54886400  |  413 | 0.0000075246 |
| 54988800  |  413 | 0.0000075106 |
| 55091200  |  414 | 0.0000075148 |
| 55193600  |  414 | 0.0000075008 |
| 55296000  |  417 | 0.0000075412 |
| 55398400  |  416 | 0.0000075092 |
| 55500800  |  416 | 0.0000074953 |
| 55603200  |  417 | 0.0000074995 |
| 55705600  |  449 | 0.0000080602 |
| 55808000  |  419 | 0.0000075078 |
| 55910400  |  418 | 0.0000074762 |
| 56012800  |  420 | 0.0000074982 |
| 56115200  |  421 | 0.0000075024 |
| 56217600  |  423 | 0.0000075243 |
| 56320000  |  424 | 0.0000075284 |
| 56422400  |  423 | 0.0000074970 |
| 56524800  |  429 | 0.0000075895 |
| 56627200  |  424 | 0.0000074875 |
| 56729600  |  426 | 0.0000075093 |
| 56832000  |  425 | 0.0000074781 |
| 56934400  |  426 | 0.0000074822 |
| 57036800  |  427 | 0.0000074863 |
| 57139200  |  430 | 0.0000075254 |
| 57241600  |  431 | 0.0000075294 |
| 57344000  |  431 | 0.0000075160 |
| 57446400  |  429 | 0.0000074678 |
| 57548800  |  431 | 0.0000074892 |
| 57651200  |  432 | 0.0000074933 |
| 57753600  |  434 | 0.0000075146 |
| 57856000  |  433 | 0.0000074840 |
| 57958400  |  432 | 0.0000074536 |
| 58060800  |  435 | 0.0000074921 |
| 58163200  |  436 | 0.0000074961 |
| 58265600  |  437 | 0.0000075001 |
| 58368000  |  436 | 0.0000074698 |
| 58470400  |  440 | 0.0000075251 |
| 58572800  |  440 | 0.0000075120 |
| 58675200  |  440 | 0.0000074989 |
| 58777600  |  455 | 0.0000077410 |
| 58880000  |  442 | 0.0000075067 |
| 58982400  |  443 | 0.0000075107 |
| 59084800  |  442 | 0.0000074807 |
| 59187200  |  443 | 0.0000074847 |
| 59289600  |  443 | 0.0000074717 |
| 59392000  |  445 | 0.0000074925 |
| 59494400  |  444 | 0.0000074628 |
| 59596800  |  446 | 0.0000074836 |
| 59699200  |  445 | 0.0000074540 |
| 59801600  |  446 | 0.0000074579 |
| 59904000  |  450 | 0.0000075120 |
| 60006400  |  448 | 0.0000074658 |
| 60108800  |  449 | 0.0000074697 |
| 60211200  |  451 | 0.0000074903 |
| 60313600  |  450 | 0.0000074610 |
| 60416000  |  451 | 0.0000074649 |
| 60518400  |  453 | 0.0000074853 |
| 60620800  |  453 | 0.0000074726 |
| 60723200  |  453 | 0.0000074600 |
| 60825600  |  454 | 0.0000074639 |
| 60928000  |  455 | 0.0000074678 |
| 61030400  |  455 | 0.0000074553 |
| 61132800  |  460 | 0.0000075246 |
| 61235200  |  457 | 0.0000074630 |
| 61337600  |  460 | 0.0000074994 |
| 61440000  |  457 | 0.0000074381 |
| 61542400  |  459 | 0.0000074582 |
| 61644800  |  459 | 0.0000074458 |
| 61747200  |  461 | 0.0000074659 |
| 61849600  |  462 | 0.0000074697 |
| 61952000  |  462 | 0.0000074573 |
| 62054400  |  464 | 0.0000074773 |
| 62156800  |  464 | 0.0000074649 |
| 62259200  |  466 | 0.0000074848 |
| 62361600  |  466 | 0.0000074725 |
| 62464000  |  468 | 0.0000074923 |
| 62566400  |  466 | 0.0000074480 |
| 62668800  |  470 | 0.0000074997 |
| 62771200  |  467 | 0.0000074397 |
| 62873600  |  469 | 0.0000074594 |
| 62976000  |  469 | 0.0000074472 |
| 63078400  |  469 | 0.0000074351 |
| 63180800  |  473 | 0.0000074864 |
| 63283200  |  472 | 0.0000074585 |
| 63385600  |  470 | 0.0000074149 |
| 63488000  |  473 | 0.0000074502 |
| 63590400  |  475 | 0.0000074696 |
| 63692800  |  474 | 0.0000074419 |
| 63795200  |  474 | 0.0000074300 |
| 63897600  |  477 | 0.0000074650 |
| 64000000  |  476 | 0.0000074375 |
| 64102400  |  480 | 0.0000074880 |
| 64204800  |  476 | 0.0000074137 |
| 64307200  |  478 | 0.0000074330 |
| 64409600  |  479 | 0.0000074367 |
| 64512000  |  481 | 0.0000074559 |
| 64614400  |  479 | 0.0000074132 |
| 64716800  |  481 | 0.0000074323 |
| 64819200  |  483 | 0.0000074514 |
| 64921600  |  483 | 0.0000074397 |
| 65024000  |  483 | 0.0000074280 |
| 65126400  |  482 | 0.0000074009 |
| 65228800  |  484 | 0.0000074200 |
| 65331200  |  486 | 0.0000074390 |
| 65433600  |  487 | 0.0000074426 |
| 65536000  |  490 | 0.0000074768 |
| 65638400  |  488 | 0.0000074346 |
| 65740800  |  486 | 0.0000073926 |
| 65843200  |  488 | 0.0000074115 |
| 65945600  |  489 | 0.0000074152 |
| 66048000  |  489 | 0.0000074037 |
| 66150400  |  490 | 0.0000074073 |
| 66252800  |  492 | 0.0000074261 |
| 66355200  |  492 | 0.0000074146 |
| 66457600  |  493 | 0.0000074182 |
| 66560000  |  494 | 0.0000074218 |
| 66662400  |  492 | 0.0000073804 |
| 66764800  |  493 | 0.0000073841 |
| 66867200  |  498 | 0.0000074475 |
| 66969600  |  495 | 0.0000073914 |
| 67072000  |  497 | 0.0000074099 |
| 67174400  |  499 | 0.0000074284 |
| 67276800  |  501 | 0.0000074468 |
| 67379200  |  500 | 0.0000074206 |
| 67481600  |  501 | 0.0000074242 |
| 67584000  |  501 | 0.0000074129 |
| 67686400  |  504 | 0.0000074461 |
| 67788800  |  502 | 0.0000074053 |
| 67891200  |  504 | 0.0000074236 |
| 67993600  |  504 | 0.0000074124 |
| 68096000  |  505 | 0.0000074160 |
| 68198400  |  505 | 0.0000074048 |
| 68300800  |  505 | 0.0000073937 |
| 68403200  |  507 | 0.0000074119 |
| 68505600  |  510 | 0.0000074446 |
| 68608000  |  512 | 0.0000074626 |
| 68710400  |  509 | 0.0000074079 |
| 68812800  |  509 | 0.0000073968 |
| 68915200  |  509 | 0.0000073858 |
| 69017600  |  511 | 0.0000074039 |
| 69120000  |  512 | 0.0000074074 |
| 69222400  |  514 | 0.0000074253 |
| 69324800  |  512 | 0.0000073855 |
| 69427200  |  515 | 0.0000074178 |
| 69529600  |  515 | 0.0000074069 |
| 69632000  |  517 | 0.0000074247 |
| 69734400  |  516 | 0.0000073995 |
| 69836800  |  518 | 0.0000074172 |
| 69939200  |  516 | 0.0000073778 |
| 70041600  |  517 | 0.0000073813 |
| 70144000  |  518 | 0.0000073848 |
| 70246400  |  519 | 0.0000073882 |
| 70348800  |  520 | 0.0000073917 |
| 70451200  |  528 | 0.0000074945 |
| 70553600  |  521 | 0.0000073844 |
| 70656000  |  522 | 0.0000073879 |
| 70758400  |  524 | 0.0000074054 |
| 70860800  |  524 | 0.0000073947 |
| 70963200  |  528 | 0.0000074404 |
| 71065600  |  523 | 0.0000073593 |
| 71168000  |  527 | 0.0000074050 |
| 71270400  |  527 | 0.0000073943 |
| 71372800  |  531 | 0.0000074398 |
| 71475200  |  528 | 0.0000073871 |
| 71577600  |  529 | 0.0000073905 |
| 71680000  |  528 | 0.0000073660 |
| 71782400  |  529 | 0.0000073694 |
| 71884800  |  530 | 0.0000073729 |
| 71987200  |  531 | 0.0000073763 |
| 72089600  |  531 | 0.0000073658 |
| 72192000  |  527 | 0.0000072999 |
| 72294400  |  532 | 0.0000073587 |
| 72396800  |  532 | 0.0000073483 |
| 72499200  |  533 | 0.0000073518 |
| 72601600  |  535 | 0.0000073689 |
| 72704000  |  536 | 0.0000073723 |
| 72806400  |  537 | 0.0000073757 |
| 72908800  |  538 | 0.0000073790 |
| 73011200  |  539 | 0.0000073824 |
| 73113600  |  539 | 0.0000073720 |
| 73216000  |  541 | 0.0000073890 |
| 73318400  |  543 | 0.0000074060 |
| 73420800  |  540 | 0.0000073548 |
| 73523200  |  543 | 0.0000073854 |
| 73625600  |  544 | 0.0000073887 |
| 73728000  |  544 | 0.0000073784 |
| 73830400  |  545 | 0.0000073817 |
| 73932800  |  544 | 0.0000073580 |
| 74035200  |  541 | 0.0000073073 |
| 74137600  |  544 | 0.0000073377 |
| 74240000  |  548 | 0.0000073814 |
| 74342400  |  549 | 0.0000073847 |
| 74444800  |  546 | 0.0000073342 |
| 74547200  |  549 | 0.0000073644 |
| 74649600  |  549 | 0.0000073543 |
| 74752000  |  550 | 0.0000073576 |
| 74854400  |  550 | 0.0000073475 |
| 74956800  |  552 | 0.0000073642 |
| 75059200  |  553 | 0.0000073675 |
| 75161600  |  552 | 0.0000073441 |
| 75264000  |  554 | 0.0000073607 |
| 75366400  |  553 | 0.0000073374 |
| 75468800  |  554 | 0.0000073407 |
| 75571200  |  556 | 0.0000073573 |
| 75673600  |  557 | 0.0000073605 |
| 75776000  |  556 | 0.0000073374 |
| 75878400  |  560 | 0.0000073802 |
| 75980800  |  558 | 0.0000073439 |
| 76083200  |  558 | 0.0000073340 |
| 76185600  |  562 | 0.0000073767 |
| 76288000  |  564 | 0.0000073930 |
| 76390400  |  563 | 0.0000073700 |
| 76492800  |  560 | 0.0000073209 |
| 76595200  |  564 | 0.0000073633 |
| 76697600  |  565 | 0.0000073665 |
| 76800000  |  566 | 0.0000073697 |
| 76902400  |  565 | 0.0000073469 |
| 77004800  |  565 | 0.0000073372 |
| 77107200  |  569 | 0.0000073793 |
| 77209600  |  570 | 0.0000073825 |
| 77312000  |  567 | 0.0000073339 |
| 77414400  |  569 | 0.0000073500 |
| 77516800  |  567 | 0.0000073145 |
| 77619200  |  570 | 0.0000073435 |
| 77721600  |  569 | 0.0000073210 |
| 77824000  |  572 | 0.0000073499 |
| 77926400  |  574 | 0.0000073659 |
| 78028800  |  571 | 0.0000073178 |
| 78131200  |  573 | 0.0000073338 |
| 78233600  |  570 | 0.0000072858 |
| 78336000  |  584 | 0.0000074550 |
| 78438400  |  579 | 0.0000073815 |
| 78540800  |  576 | 0.0000073337 |
| 78643200  |  584 | 0.0000074259 |
| 78745600  |  579 | 0.0000073527 |
| 78848000  |  576 | 0.0000073051 |
| 78950400  |  581 | 0.0000073590 |
| 79052800  |  579 | 0.0000073242 |
| 79155200  |  580 | 0.0000073273 |
| 79257600  |  582 | 0.0000073431 |
| 79360000  |  583 | 0.0000073462 |
| 79462400  |  583 | 0.0000073368 |
| 79564800  |  585 | 0.0000073524 |
| 79667200  |  584 | 0.0000073304 |
| 79769600  |  584 | 0.0000073210 |
| 79872000  |  587 | 0.0000073492 |
| 79974400  |  588 | 0.0000073523 |
| 80076800  |  584 | 0.0000072929 |
| 80179200  |  588 | 0.0000073335 |
| 80281600  |  588 | 0.0000073242 |
| 80384000  |  584 | 0.0000072651 |
| 80486400  |  589 | 0.0000073180 |
| 80588800  |  592 | 0.0000073459 |
| 80691200  |  590 | 0.0000073118 |
| 80793600  |  592 | 0.0000073273 |
| 80896000  |  598 | 0.0000073922 |
| 80998400  |  592 | 0.0000073087 |
| 81100800  |  591 | 0.0000072872 |
| 81203200  |  593 | 0.0000073026 |
| 81305600  |  595 | 0.0000073180 |
| 81408000  |  602 | 0.0000073948 |
| 81510400  |  596 | 0.0000073119 |
| 81612800  |  597 | 0.0000073150 |
| 81715200  |  604 | 0.0000073915 |
| 81817600  |  600 | 0.0000073333 |
| 81920000  |  603 | 0.0000073608 |
| 82022400  |  600 | 0.0000073150 |
| 82124800  |  600 | 0.0000073059 |
| 82227200  |  601 | 0.0000073090 |
| 82329600  |  604 | 0.0000073363 |
| 82432000  |  603 | 0.0000073151 |
| 82534400  |  604 | 0.0000073181 |
| 82636800  |  604 | 0.0000073090 |
| 82739200  |  605 | 0.0000073121 |
| 82841600  |  603 | 0.0000072789 |
| 82944000  |  608 | 0.0000073302 |
| 83046400  |  608 | 0.0000073212 |
| 83148800  |  608 | 0.0000073121 |
| 83251200  |  612 | 0.0000073512 |
| 83353600  |  613 | 0.0000073542 |
| 83456000  |  609 | 0.0000072972 |
| 83558400  |  613 | 0.0000073361 |
| 83660800  |  612 | 0.0000073152 |
| 83763200  |  611 | 0.0000072943 |
| 83865600  |  613 | 0.0000073093 |
| 83968000  |  618 | 0.0000073599 |
| 84070400  |  614 | 0.0000073034 |
| 84172800  |  618 | 0.0000073420 |
| 84275200  |  620 | 0.0000073568 |
| 84377600  |  616 | 0.0000073005 |
| 84480000  |  618 | 0.0000073153 |
| 84582400  |  621 | 0.0000073419 |
| 84684800  |  618 | 0.0000072976 |
| 84787200  |  619 | 0.0000073006 |
| 84889600  |  619 | 0.0000072918 |
| 84992000  |  622 | 0.0000073183 |
| 85094400  |  622 | 0.0000073095 |
| 85196800  |  623 | 0.0000073124 |
| 85299200  |  622 | 0.0000072919 |
| 85401600  |  623 | 0.0000072949 |
| 85504000  |  625 | 0.0000073095 |
| 85606400  |  627 | 0.0000073242 |
| 85708800  |  624 | 0.0000072804 |
| 85811200  |  627 | 0.0000073067 |
| 85913600  |  627 | 0.0000072980 |
| 86016000  |  626 | 0.0000072777 |
| 86118400  |  629 | 0.0000073038 |
| 86220800  |  629 | 0.0000072952 |
| 86323200  |  641 | 0.0000074255 |
| 86425600  |  633 | 0.0000073242 |
| 86528000  |  630 | 0.0000072808 |
| 86630400  |  632 | 0.0000072953 |
| 86732800  |  632 | 0.0000072867 |
| 86835200  |  632 | 0.0000072781 |
| 86937600  |  633 | 0.0000072810 |
| 87040000  |  632 | 0.0000072610 |
| 87142400  |  636 | 0.0000072983 |
| 87244800  |  636 | 0.0000072898 |
| 87347200  |  637 | 0.0000072927 |
| 87449600  |  639 | 0.0000073070 |
| 87552000  |  638 | 0.0000072870 |
| 87654400  |  642 | 0.0000073242 |
| 87756800  |  640 | 0.0000072928 |
| 87859200  |  642 | 0.0000073071 |
| 87961600  |  640 | 0.0000072759 |
| 88064000  |  642 | 0.0000072901 |
| 88166400  |  641 | 0.0000072703 |
| 88268800  |  641 | 0.0000072619 |
| 88371200  |  642 | 0.0000072648 |
| 88473600  |  645 | 0.0000072903 |
| 88576000  |  643 | 0.0000072593 |
| 88678400  |  647 | 0.0000072960 |
| 88780800  |  648 | 0.0000072988 |
| 88883200  |  647 | 0.0000072792 |
| 88985600  |  648 | 0.0000072820 |
| 89088000  |  648 | 0.0000072737 |
| 89190400  |  649 | 0.0000072765 |
| 89292800  |  650 | 0.0000072794 |
| 89395200  |  654 | 0.0000073158 |
| 89497600  |  651 | 0.0000072739 |
| 89600000  |  652 | 0.0000072767 |
| 89702400  |  653 | 0.0000072796 |
| 89804800  |  653 | 0.0000072713 |
| 89907200  |  654 | 0.0000072741 |
| 90009600  |  654 | 0.0000072658 |
| 90112000  |  655 | 0.0000072687 |
| 90214400  |  657 | 0.0000072826 |
| 90316800  |  660 | 0.0000073076 |
| 90419200  |  658 | 0.0000072772 |
| 90521600  |  658 | 0.0000072689 |
| 90624000  |  657 | 0.0000072497 |
| 90726400  |  662 | 0.0000072966 |
| 90828800  |  659 | 0.0000072554 |
| 90931200  |  661 | 0.0000072692 |
| 91033600  |  661 | 0.0000072610 |
| 91136000  |  661 | 0.0000072528 |
| 91238400  |  667 | 0.0000073105 |
| 91340800  |  665 | 0.0000072804 |
| 91443200  |  666 | 0.0000072832 |
| 91545600  |  666 | 0.0000072750 |
| 91648000  |  666 | 0.0000072669 |
| 91750400  |  668 | 0.0000072806 |
| 91852800  |  672 | 0.0000073160 |
| 91955200  |  669 | 0.0000072752 |
| 92057600  |  669 | 0.0000072671 |
| 92160000  |  669 | 0.0000072591 |
| 92262400  |  673 | 0.0000072944 |
| 92364800  |  672 | 0.0000072754 |
| 92467200  |  681 | 0.0000073647 |
| 92569600  |  673 | 0.0000072702 |
| 92672000  |  672 | 0.0000072513 |
| 92774400  |  674 | 0.0000072649 |
| 92876800  |  675 | 0.0000072676 |
| 92979200  |  675 | 0.0000072596 |
| 93081600  |  675 | 0.0000072517 |
| 93184000  |  677 | 0.0000072651 |
| 93286400  |  677 | 0.0000072572 |
| 93388800  |  679 | 0.0000072706 |
| 93491200  |  679 | 0.0000072627 |
| 93593600  |  682 | 0.0000072868 |
| 93696000  |  678 | 0.0000072361 |
| 93798400  |  681 | 0.0000072602 |
| 93900800  |  682 | 0.0000072629 |
| 94003200  |  681 | 0.0000072444 |
| 94105600  |  688 | 0.0000073109 |
| 94208000  |  683 | 0.0000072499 |
| 94310400  |  683 | 0.0000072420 |
| 94412800  |  685 | 0.0000072553 |
| 94515200  |  686 | 0.0000072580 |
| 94617600  |  687 | 0.0000072608 |
| 94720000  |  686 | 0.0000072423 |
| 94822400  |  689 | 0.0000072662 |
| 94924800  |  692 | 0.0000072899 |
| 95027200  |  695 | 0.0000073136 |
| 95129600  |  688 | 0.0000072322 |
| 95232000  |  693 | 0.0000072769 |
| 95334400  |  691 | 0.0000072481 |
| 95436800  |  691 | 0.0000072403 |
| 95539200  |  692 | 0.0000072431 |
| 95641600  |  694 | 0.0000072562 |
| 95744000  |  697 | 0.0000072798 |
| 95846400  |  694 | 0.0000072407 |
| 95948800  |  695 | 0.0000072434 |
| 96051200  |  702 | 0.0000073086 |
| 96153600  |  700 | 0.0000072800 |
| 96256000  |  698 | 0.0000072514 |
| 96358400  |  698 | 0.0000072437 |
| 96460800  |  700 | 0.0000072568 |
| 96563200  |  700 | 0.0000072491 |
| 96665600  |  706 | 0.0000073035 |
| 96768000  |  701 | 0.0000072441 |
| 96870400  |  702 | 0.0000072467 |
| 96972800  |  701 | 0.0000072288 |
| 97075200  |  703 | 0.0000072418 |
| 97177600  |  704 | 0.0000072444 |
| 97280000  |  707 | 0.0000072676 |
| 97382400  |  705 | 0.0000072395 |
| 97484800  |  706 | 0.0000072421 |
| 97587200  |  705 | 0.0000072243 |
| 97689600  |  707 | 0.0000072372 |
| 97792000  |  708 | 0.0000072398 |
| 97894400  |  706 | 0.0000072118 |
| 97996800  |  711 | 0.0000072553 |
| 98099200  |  711 | 0.0000072477 |
| 98201600  |  712 | 0.0000072503 |
| 98304000  |  713 | 0.0000072530 |
| 98406400  |  712 | 0.0000072353 |
| 98508800  |  713 | 0.0000072379 |
| 98611200  |  714 | 0.0000072405 |
| 98713600  |  715 | 0.0000072431 |
| 98816000  |  718 | 0.0000072660 |
| 98918400  |  716 | 0.0000072382 |
| 99020800  |  717 | 0.0000072409 |
| 99123200  |  717 | 0.0000072334 |
| 99225600  |  719 | 0.0000072461 |
| 99328000  |  725 | 0.0000072990 |
| 99430400  |  720 | 0.0000072412 |
| 99532800  |  726 | 0.0000072940 |
| 99635200  |  730 | 0.0000073267 |
| 99737600  |  722 | 0.0000072389 |
| 99840000  |  723 | 0.0000072415 |
| 99942400  |  729 | 0.0000072942 |
| 100044800 |  725 | 0.0000072467 |
| 100147200 |  726 | 0.0000072493 |
| 100249600 |  728 | 0.0000072618 |
| 100352000 |  725 | 0.0000072245 |
| 100454400 |  727 | 0.0000072371 |
| 100556800 |  727 | 0.0000072297 |
| 100659200 |  731 | 0.0000072621 |
| 100761600 |  730 | 0.0000072448 |
| 100864000 |  734 | 0.0000072771 |
| 100966400 |  732 | 0.0000072499 |
| 101068800 |  729 | 0.0000072129 |
| 101171200 |  730 | 0.0000072154 |
| 101273600 |  734 | 0.0000072476 |
| 101376000 |  730 | 0.0000072009 |
| 101478400 |  733 | 0.0000072232 |
| 101580800 |  735 | 0.0000072356 |
| 101683200 |  736 | 0.0000072381 |
| 101785600 |  736 | 0.0000072308 |
| 101888000 |  736 | 0.0000072236 |
| 101990400 |  737 | 0.0000072261 |
| 102092800 |  738 | 0.0000072287 |
| 102195200 |  742 | 0.0000072606 |
| 102297600 |  754 | 0.0000073706 |
| 102400000 |  741 | 0.0000072363 |
| 102502400 |  747 | 0.0000072876 |
| 102604800 |  746 | 0.0000072706 |
| 102707200 |  745 | 0.0000072536 |
| 102809600 |  744 | 0.0000072366 |
| 102912000 |  744 | 0.0000072294 |
| 103014400 |  755 | 0.0000073290 |
| 103116800 |  744 | 0.0000072151 |
| 103219200 |  746 | 0.0000072273 |
| 103321600 |  747 | 0.0000072298 |
| 103424000 |  747 | 0.0000072226 |
| 103526400 |  748 | 0.0000072252 |
| 103628800 |  752 | 0.0000072566 |
| 103731200 |  749 | 0.0000072205 |
| 103833600 |  750 | 0.0000072230 |
| 103936000 |  750 | 0.0000072159 |
| 104038400 |  750 | 0.0000072088 |
| 104140800 |  749 | 0.0000071921 |
| 104243200 |  754 | 0.0000072330 |
| 104345600 |  753 | 0.0000072164 |
| 104448000 |  757 | 0.0000072476 |
| 104550400 |  754 | 0.0000072118 |
| 104652800 |  759 | 0.0000072525 |
| 104755200 |  769 | 0.0000073409 |
| 104857600 |  769 | 0.0000073337 |
+-----------+------+--------------+
Rough Weight: 0.0000078242
      Weight: 0.0000073914
